<!DOCTYPE html PUBLIC "-//W3C//DTD XHTML 1.0 Transitional//EN" "http://www.w3.org/TR/xhtml1/DTD/xhtml1-transitional.dtd">
<html xmlns="http://www.w3.org/1999/xhtml">
<head>
<meta http-equiv="Content-Type" content="text/xhtml;charset=UTF-8"/>
<meta http-equiv="X-UA-Compatible" content="IE=9"/>
<meta name="generator" content="Doxygen 1.8.7"/>
<title>OpenGP: TestcaseCovSEisoDerObs.hpp Source File</title>
<link href="tabs.css" rel="stylesheet" type="text/css"/>
<script type="text/javascript" src="jquery.js"></script>
<script type="text/javascript" src="dynsections.js"></script>
<link href="navtree.css" rel="stylesheet" type="text/css"/>
<script type="text/javascript" src="resize.js"></script>
<script type="text/javascript" src="navtree.js"></script>
<script type="text/javascript">
  $(document).ready(initResizable);
  $(window).load(resizeHeight);
</script>
<link href="search/search.css" rel="stylesheet" type="text/css"/>
<script type="text/javascript" src="search/search.js"></script>
<script type="text/javascript">
  $(document).ready(function() { searchBox.OnSelectItem(0); });
</script>
<script type="text/x-mathjax-config">
  MathJax.Hub.Config({
    extensions: ["tex2jax.js"],
    jax: ["input/TeX","output/HTML-CSS"],
});
</script><script src="http://cdn.mathjax.org/mathjax/latest/MathJax.js"></script>
<link href="doxygen.css" rel="stylesheet" type="text/css" />
</head>
<body>
<div id="top"><!-- do not remove this div, it is closed by doxygen! -->
<div id="titlearea">
<table cellspacing="0" cellpadding="0">
 <tbody>
 <tr style="height: 56px;">
  <td style="padding-left: 0.5em;">
   <div id="projectname">OpenGP
   &#160;<span id="projectnumber">1.0</span>
   </div>
  </td>
 </tr>
 </tbody>
</table>
</div>
<!-- end header part -->
<!-- Generated by Doxygen 1.8.7 -->
<script type="text/javascript">
var searchBox = new SearchBox("searchBox", "search",false,'Search');
</script>
  <div id="navrow1" class="tabs">
    <ul class="tablist">
      <li><a href="index.html"><span>Main&#160;Page</span></a></li>
      <li><a href="pages.html"><span>Related&#160;Pages</span></a></li>
      <li><a href="modules.html"><span>Modules</span></a></li>
      <li><a href="namespaces.html"><span>Namespaces</span></a></li>
      <li><a href="annotated.html"><span>Classes</span></a></li>
      <li class="current"><a href="files.html"><span>Files</span></a></li>
      <li>
        <div id="MSearchBox" class="MSearchBoxInactive">
        <span class="left">
          <img id="MSearchSelect" src="search/mag_sel.png"
               onmouseover="return searchBox.OnSearchSelectShow()"
               onmouseout="return searchBox.OnSearchSelectHide()"
               alt=""/>
          <input type="text" id="MSearchField" value="Search" accesskey="S"
               onfocus="searchBox.OnSearchFieldFocus(true)" 
               onblur="searchBox.OnSearchFieldFocus(false)" 
               onkeyup="searchBox.OnSearchFieldChange(event)"/>
          </span><span class="right">
            <a id="MSearchClose" href="javascript:searchBox.CloseResultsWindow()"><img id="MSearchCloseImg" border="0" src="search/close.png" alt=""/></a>
          </span>
        </div>
      </li>
    </ul>
  </div>
  <div id="navrow2" class="tabs2">
    <ul class="tablist">
      <li><a href="files.html"><span>File&#160;List</span></a></li>
      <li><a href="globals.html"><span>File&#160;Members</span></a></li>
    </ul>
  </div>
</div><!-- top -->
<div id="side-nav" class="ui-resizable side-nav-resizable">
  <div id="nav-tree">
    <div id="nav-tree-contents">
      <div id="nav-sync" class="sync"></div>
    </div>
  </div>
  <div id="splitbar" style="-moz-user-select:none;" 
       class="ui-resizable-handle">
  </div>
</div>
<script type="text/javascript">
$(document).ready(function(){initNavTree('TestcaseCovSEisoDerObs_8hpp_source.html','');});
</script>
<div id="doc-content">
<!-- window showing the filter options -->
<div id="MSearchSelectWindow"
     onmouseover="return searchBox.OnSearchSelectShow()"
     onmouseout="return searchBox.OnSearchSelectHide()"
     onkeydown="return searchBox.OnSearchSelectKey(event)">
<a class="SelectItem" href="javascript:void(0)" onclick="searchBox.OnSelectItem(0)"><span class="SelectionMark">&#160;</span>All</a><a class="SelectItem" href="javascript:void(0)" onclick="searchBox.OnSelectItem(1)"><span class="SelectionMark">&#160;</span>Classes</a><a class="SelectItem" href="javascript:void(0)" onclick="searchBox.OnSelectItem(2)"><span class="SelectionMark">&#160;</span>Namespaces</a><a class="SelectItem" href="javascript:void(0)" onclick="searchBox.OnSelectItem(3)"><span class="SelectionMark">&#160;</span>Files</a><a class="SelectItem" href="javascript:void(0)" onclick="searchBox.OnSelectItem(4)"><span class="SelectionMark">&#160;</span>Functions</a><a class="SelectItem" href="javascript:void(0)" onclick="searchBox.OnSelectItem(5)"><span class="SelectionMark">&#160;</span>Variables</a><a class="SelectItem" href="javascript:void(0)" onclick="searchBox.OnSelectItem(6)"><span class="SelectionMark">&#160;</span>Typedefs</a><a class="SelectItem" href="javascript:void(0)" onclick="searchBox.OnSelectItem(7)"><span class="SelectionMark">&#160;</span>Macros</a><a class="SelectItem" href="javascript:void(0)" onclick="searchBox.OnSelectItem(8)"><span class="SelectionMark">&#160;</span>Groups</a><a class="SelectItem" href="javascript:void(0)" onclick="searchBox.OnSelectItem(9)"><span class="SelectionMark">&#160;</span>Pages</a></div>

<!-- iframe showing the search results (closed by default) -->
<div id="MSearchResultsWindow">
<iframe src="javascript:void(0)" frameborder="0" 
        name="MSearchResults" id="MSearchResults">
</iframe>
</div>

<div class="header">
  <div class="headertitle">
<div class="title">TestcaseCovSEisoDerObs.hpp</div>  </div>
</div><!--header-->
<div class="contents">
<a href="TestcaseCovSEisoDerObs_8hpp.html">Go to the documentation of this file.</a><div class="fragment"><div class="line"><a name="l00001"></a><span class="lineno">    1</span>&#160;<span class="preprocessor">#ifndef _TEST_CASE_COVARIANCE_FUNCTION_SQUARED_EXPONENTIAL_ISO_WIDE_DERIVATIVE_OBSERVATIONS_HPP_</span></div>
<div class="line"><a name="l00002"></a><span class="lineno">    2</span>&#160;<span class="preprocessor">#define _TEST_CASE_COVARIANCE_FUNCTION_SQUARED_EXPONENTIAL_ISO_WIDE_DERIVATIVE_OBSERVATIONS_HPP_</span></div>
<div class="line"><a name="l00003"></a><span class="lineno">    3</span>&#160;</div>
<div class="line"><a name="l00004"></a><span class="lineno">    4</span>&#160;<span class="preprocessor">#include &quot;<a class="code" href="TestDerivativeDataSetting_8hpp.html">TestDerivativeDataSetting.hpp</a>&quot;</span></div>
<div class="line"><a name="l00005"></a><span class="lineno">    5</span>&#160;<span class="preprocessor">#include &lt;fstream&gt;</span></div>
<div class="line"><a name="l00006"></a><span class="lineno">    6</span>&#160;</div>
<div class="line"><a name="l00015"></a><span class="lineno"><a class="line" href="classTestCaseCovSEisoDerObs.html">   15</a></span>&#160;<span class="keyword">class </span><a class="code" href="classTestCaseCovSEisoDerObs.html">TestCaseCovSEisoDerObs</a> : <span class="keyword">public</span> <a class="code" href="classTestDerivativeDataSetting.html">TestDerivativeDataSetting</a></div>
<div class="line"><a name="l00016"></a><span class="lineno">   16</span>&#160;{</div>
<div class="line"><a name="l00017"></a><span class="lineno">   17</span>&#160;<span class="keyword">protected</span>:</div>
<div class="line"><a name="l00019"></a><span class="lineno"><a class="line" href="classTestCaseCovSEisoDerObs.html#a6a9d4a5182bbc0e2b053a8b2b134e8a4">   19</a></span>&#160;    <span class="keyword">virtual</span> <span class="keywordtype">void</span> <a class="code" href="classTestCaseCovSEisoDerObs.html#a6a9d4a5182bbc0e2b053a8b2b134e8a4">SetUp</a>()</div>
<div class="line"><a name="l00020"></a><span class="lineno">   20</span>&#160;    {</div>
<div class="line"><a name="l00021"></a><span class="lineno">   21</span>&#160;        <span class="comment">// Call the parent set up.</span></div>
<div class="line"><a name="l00022"></a><span class="lineno">   22</span>&#160;        <a class="code" href="classTestDerivativeDataSetting.html#a2633c0742369a8697522889ab52a9e0f">TestDerivativeDataSetting::SetUp</a>();</div>
<div class="line"><a name="l00023"></a><span class="lineno">   23</span>&#160;</div>
<div class="line"><a name="l00024"></a><span class="lineno">   24</span>&#160;        <span class="comment">// Set the hyperparameters.</span></div>
<div class="line"><a name="l00025"></a><span class="lineno">   25</span>&#160;        <a class="code" href="classTestCaseCovSEisoDerObs.html#aa7ad64b117b3b2799560f01bae7a6d53">logHyp</a>(0) = log(<a class="code" href="classTestFunctionDataSetting.html#a976f555da4b2870e5ed766f5a5a41d7a">ell</a>);</div>
<div class="line"><a name="l00026"></a><span class="lineno">   26</span>&#160;        <a class="code" href="classTestCaseCovSEisoDerObs.html#aa7ad64b117b3b2799560f01bae7a6d53">logHyp</a>(1) = log(<a class="code" href="classTestFunctionDataSetting.html#a2551daf8cd8f0a8bdd1bd15b815d1f82">sigma_f</a>);</div>
<div class="line"><a name="l00027"></a><span class="lineno">   27</span>&#160;    }</div>
<div class="line"><a name="l00028"></a><span class="lineno">   28</span>&#160;</div>
<div class="line"><a name="l00029"></a><span class="lineno">   29</span>&#160;<span class="keyword">protected</span>:</div>
<div class="line"><a name="l00031"></a><span class="lineno"><a class="line" href="classTestCaseCovSEisoDerObs.html#aa7ad64b117b3b2799560f01bae7a6d53">   31</a></span>&#160;    <a class="code" href="classGP_1_1CovSEisoDerObs.html">CovSEisoDerObs&lt;TestType&gt;::Hyp</a> <a class="code" href="classTestCaseCovSEisoDerObs.html#aa7ad64b117b3b2799560f01bae7a6d53">logHyp</a>;</div>
<div class="line"><a name="l00032"></a><span class="lineno">   32</span>&#160;};</div>
<div class="line"><a name="l00033"></a><span class="lineno">   33</span>&#160;</div>
<div class="line"><a name="l00035"></a><span class="lineno"><a class="line" href="TestcaseCovSEisoDerObs_8hpp.html#a12c2c632f0efae3977407b8fcbd0565b">   35</a></span>&#160;<a class="code" href="TestcaseCovSEisoDerObs_8hpp.html#a12c2c632f0efae3977407b8fcbd0565b">TEST_F</a>(<a class="code" href="classTestCaseCovSEisoDerObs.html">TestCaseCovSEisoDerObs</a>, KTest)</div>
<div class="line"><a name="l00036"></a><span class="lineno">   36</span>&#160;{</div>
<div class="line"><a name="l00037"></a><span class="lineno">   37</span>&#160;    <span class="comment">// Expected value</span></div>
<div class="line"><a name="l00038"></a><span class="lineno">   38</span>&#160;    Matrix K1(17, 17);</div>
<div class="line"><a name="l00039"></a><span class="lineno">   39</span>&#160;    K1 &lt;&lt;  2.250000000000000f,  1.195783421516941f,  1.034129206871412f,  0.606826401078133f,  0.606826401078133f, -0.104548290924953f,  0.428429993295581f,  1.699143903092521f,  0.428429993295581f, -1.407586406947708f, -1.092463846446376f, -0.930801974649044f, -1.092463846446376f, -0.676479691350783f, -1.168521800418196f,  0.327046076845187f, -1.168521800418196f, </div>
<div class="line"><a name="l00040"></a><span class="lineno">   40</span>&#160;            1.195783421516941f,  2.250000000000000f,  0.894345544003630f,  1.063522576822939f,  1.063522576822939f, -0.760258969068444f, -0.842021163925068f,  0.972372594297029f, -0.842021163925068f, -1.133293798190432f, -1.949498075551553f, -1.526726945908446f, -1.949498075551553f, -0.125405658135495f, -1.114615712145144f,  1.871934496638610f, -1.114615712145144f, </div>
<div class="line"><a name="l00041"></a><span class="lineno">   41</span>&#160;             1.034129206871412f,  0.894345544003630f,  2.250000000000000f,  1.393708529409504f,  1.393708529409504f, -1.407764149038552f, -0.097539590830289f,  2.475858805357964f, -0.097539590830289f, -1.115709054491484f, -0.066319646498920f,  1.022844282522428f, -0.066319646498920f, -1.934746488238650f, -2.458383901953420f,  0.516419602158870f, -2.458383901953420f, </div>
<div class="line"><a name="l00042"></a><span class="lineno">   42</span>&#160;             0.606826401078133f,  1.063522576822939f,  1.393708529409504f,  2.250000000000000f,  2.250000000000000f, -0.845040249294214f, -0.788887258321572f,  0.000000000000000f, -0.788887258321572f, -0.482558801591683f, -0.337760408273778f,  0.000000000000000f, -0.337760408273778f, -0.586289086888887f, -1.274706305201622f,  0.000000000000000f, -1.274706305201622f, </div>
<div class="line"><a name="l00043"></a><span class="lineno">   43</span>&#160;             0.606826401078133f,  1.063522576822939f,  1.393708529409504f,  2.250000000000000f,  2.250000000000000f, -0.845040249294214f, -0.788887258321572f,  0.000000000000000f, -0.788887258321572f, -0.482558801591683f, -0.337760408273778f,  0.000000000000000f, -0.337760408273778f, -0.586289086888887f, -1.274706305201622f,  0.000000000000000f, -1.274706305201622f, </div>
<div class="line"><a name="l00044"></a><span class="lineno">   44</span>&#160;            -0.104548290924953f, -0.760258969068444f, -1.407764149038552f, -0.845040249294214f, -0.845040249294214f,  9.000000000000000f,  4.061289316760231f, -1.460716658450740f,  4.061289316760231f,  0.000000000000000f, -1.655482737905971f, -1.468449587415477f, -1.655482737905971f,  0.000000000000000f,  1.653098957180035f, -1.784105822769061f,  1.653098957180035f, </div>
<div class="line"><a name="l00045"></a><span class="lineno">   45</span>&#160;             0.428429993295581f, -0.842021163925068f, -0.097539590830289f, -0.788887258321572f, -0.788887258321572f,  4.061289316760231f,  9.000000000000000f,  0.191282698827731f,  9.000000000000000f, -1.655482737905971f,  0.000000000000000f, -0.635812147340349f,  0.000000000000000f,  1.653098957180035f,  0.000000000000000f, -2.399552266296351f,  0.000000000000000f, </div>
<div class="line"><a name="l00046"></a><span class="lineno">   46</span>&#160;             1.699143903092521f,  0.972372594297029f,  2.475858805357964f,  0.000000000000000f,  0.000000000000000f, -1.460716658450740f,  0.191282698827731f,  9.000000000000000f,  0.191282698827731f, -1.468449587415477f, -0.635812147340349f,  0.000000000000000f, -0.635812147340349f, -1.784105822769061f, -2.399552266296351f,  0.000000000000000f, -2.399552266296351f, </div>
<div class="line"><a name="l00047"></a><span class="lineno">   47</span>&#160;             0.428429993295581f, -0.842021163925068f, -0.097539590830289f, -0.788887258321572f, -0.788887258321572f,  4.061289316760231f,  9.000000000000000f,  0.191282698827731f,  9.000000000000000f, -1.655482737905971f,  0.000000000000000f, -0.635812147340349f,  0.000000000000000f,  1.653098957180035f,  0.000000000000000f, -2.399552266296351f,  0.000000000000000f, </div>
<div class="line"><a name="l00048"></a><span class="lineno">   48</span>&#160;            -1.407586406947708f, -1.133293798190432f, -1.115709054491484f, -0.482558801591683f, -0.482558801591683f,  0.000000000000000f, -1.655482737905971f, -1.468449587415477f, -1.655482737905971f,  9.000000000000000f,  4.794305892972652f,  0.272225719801279f,  4.794305892972652f,  0.000000000000000f,  1.327146128002539f, -1.018810605136554f,  1.327146128002539f, </div>
<div class="line"><a name="l00049"></a><span class="lineno">   49</span>&#160;            -1.092463846446376f, -1.949498075551553f, -0.066319646498920f, -0.337760408273778f, -0.337760408273778f, -1.655482737905971f,  0.000000000000000f, -0.635812147340349f,  0.000000000000000f,  4.794305892972652f,  9.000000000000000f,  1.404090372214034f,  9.000000000000000f,  1.327146128002539f,  0.000000000000000f, -1.027363219001509f,  0.000000000000000f, </div>
<div class="line"><a name="l00050"></a><span class="lineno">   50</span>&#160;            -0.930801974649044f, -1.526726945908446f,  1.022844282522428f,  0.000000000000000f,  0.000000000000000f, -1.468449587415477f, -0.635812147340349f,  0.000000000000000f, -0.635812147340349f,  0.272225719801279f,  1.404090372214034f,  9.000000000000000f,  1.404090372214034f, -1.018810605136554f, -1.027363219001509f,  0.000000000000000f, -1.027363219001509f, </div>
<div class="line"><a name="l00051"></a><span class="lineno">   51</span>&#160;            -1.092463846446376f, -1.949498075551553f, -0.066319646498920f, -0.337760408273778f, -0.337760408273778f, -1.655482737905971f,  0.000000000000000f, -0.635812147340349f,  0.000000000000000f,  4.794305892972652f,  9.000000000000000f,  1.404090372214034f,  9.000000000000000f,  1.327146128002539f,  0.000000000000000f, -1.027363219001509f,  0.000000000000000f, </div>
<div class="line"><a name="l00052"></a><span class="lineno">   52</span>&#160;            -0.676479691350783f, -0.125405658135495f, -1.934746488238650f, -0.586289086888887f, -0.586289086888887f,  0.000000000000000f,  1.653098957180035f, -1.784105822769061f,  1.653098957180035f,  0.000000000000000f,  1.327146128002539f, -1.018810605136554f,  1.327146128002539f,  9.000000000000000f,  4.798130646047195f, -0.127031594776571f,  4.798130646047195f, </div>
<div class="line"><a name="l00053"></a><span class="lineno">   53</span>&#160;            -1.168521800418196f, -1.114615712145144f, -2.458383901953420f, -1.274706305201622f, -1.274706305201622f,  1.653098957180035f,  0.000000000000000f, -2.399552266296351f,  0.000000000000000f,  1.327146128002539f,  0.000000000000000f, -1.027363219001509f,  0.000000000000000f,  4.798130646047195f,  9.000000000000000f, -2.200952304084860f,  9.000000000000000f, </div>
<div class="line"><a name="l00054"></a><span class="lineno">   54</span>&#160;             0.327046076845187f,  1.871934496638610f,  0.516419602158870f,  0.000000000000000f,  0.000000000000000f, -1.784105822769061f, -2.399552266296351f,  0.000000000000000f, -2.399552266296351f, -1.018810605136554f, -1.027363219001509f,  0.000000000000000f, -1.027363219001509f, -0.127031594776571f, -2.200952304084860f,  9.000000000000000f, -2.200952304084860f, </div>
<div class="line"><a name="l00055"></a><span class="lineno">   55</span>&#160;            -1.168521800418196f, -1.114615712145144f, -2.458383901953420f, -1.274706305201622f, -1.274706305201622f,  1.653098957180035f,  0.000000000000000f, -2.399552266296351f,  0.000000000000000f,  1.327146128002539f,  0.000000000000000f, -1.027363219001509f,  0.000000000000000f,  4.798130646047195f,  9.000000000000000f, -2.200952304084860f,  9.000000000000000f;</div>
<div class="line"><a name="l00056"></a><span class="lineno">   56</span>&#160;</div>
<div class="line"><a name="l00057"></a><span class="lineno">   57</span>&#160;    <span class="comment">// Actual value</span></div>
<div class="line"><a name="l00058"></a><span class="lineno">   58</span>&#160;    MatrixPtr pK2 = <a class="code" href="classGP_1_1CovSEisoDerObs.html">CovSEisoDerObs&lt;TestType&gt;::K</a>(logHyp, derivativeTrainingData);</div>
<div class="line"><a name="l00059"></a><span class="lineno">   59</span>&#160;</div>
<div class="line"><a name="l00060"></a><span class="lineno">   60</span>&#160;    <span class="comment">// Test</span></div>
<div class="line"><a name="l00061"></a><span class="lineno">   61</span>&#160;    <a class="code" href="classTEST__MACRO.html#a30a45fa7c6788a2362e8cf497d3c1805">TEST_MACRO::COMPARE</a>(K1, *pK2, __FILE__, __LINE__);</div>
<div class="line"><a name="l00062"></a><span class="lineno">   62</span>&#160;}</div>
<div class="line"><a name="l00063"></a><span class="lineno">   63</span>&#160;</div>
<div class="line"><a name="l00065"></a><span class="lineno"><a class="line" href="TestcaseCovSEisoDerObs_8hpp.html#a2b75d7afcff2b758b364a3ae0ab8b1d3">   65</a></span>&#160;<a class="code" href="TestcaseCovSEisoDerObs_8hpp.html#a12c2c632f0efae3977407b8fcbd0565b">TEST_F</a>(<a class="code" href="classTestCaseCovSEisoDerObs.html">TestCaseCovSEisoDerObs</a>, dKdlogellTest)</div>
<div class="line"><a name="l00066"></a><span class="lineno">   66</span>&#160;{</div>
<div class="line"><a name="l00067"></a><span class="lineno">   67</span>&#160;    <span class="comment">// Expected value</span></div>
<div class="line"><a name="l00068"></a><span class="lineno">   68</span>&#160;    Matrix K1(17, 17);</div>
<div class="line"><a name="l00069"></a><span class="lineno">   69</span>&#160;    K1 &lt;&lt;  0.000000000000000f,  1.511777950421784f,  1.607803055808120f,  1.590422503432665f,  1.590422503432665f, -0.136819572858730f,  0.490620635702894f,  1.054973777766396f,  0.490620635702894f, -1.842070963155020f, -1.251045247096330f, -0.577921430763274f, -1.251045247096330f, -0.885291013362025f, -1.338143728322809f,  0.203058160385995f, -1.338143728322809f, </div>
<div class="line"><a name="l00070"></a><span class="lineno">   70</span>&#160;            1.511777950421784f,  0.000000000000000f,  1.650234378072228f,  1.593887740837630f,  1.593887740837630f, -1.278091225458310f,  0.083355149460816f, -0.487462765679829f,  0.083355149460816f, -1.905209827525377f,  0.192988858740412f,  0.765367662411835f,  0.192988858740412f, -0.210822729894517f,  0.110340408599872f, -0.938424604163818f,  0.110340408599872f, </div>
<div class="line"><a name="l00071"></a><span class="lineno">   71</span>&#160;             1.607803055808120f,  1.650234378072228f,  0.000000000000000f,  1.335066891462005f,  1.335066891462005f,  0.829851523433553f,  0.020690614113166f, -2.580032965599663f,  0.020690614113166f,  0.657690323489699f,  0.014068074329102f, -1.065881447630231f,  0.014068074329102f,  1.140498088276427f,  0.521485401203287f, -0.538148457726413f,  0.521485401203287f, </div>
<div class="line"><a name="l00072"></a><span class="lineno">   72</span>&#160;             1.590422503432665f,  1.593887740837630f,  1.335066891462005f,  0.000000000000000f,  0.000000000000000f, -1.845839796972857f, -1.073878203910549f,  -0.000000000000000f, -1.073878203910549f, -1.054063686435530f, -0.459778677831410f,  -0.000000000000000f, -0.459778677831410f, -1.280644004843847f, -1.735202721432949f,  -0.000000000000000f, -1.735202721432949f, </div>
<div class="line"><a name="l00073"></a><span class="lineno">   73</span>&#160;             1.590422503432665f,  1.593887740837630f,  1.335066891462005f,  0.000000000000000f,  0.000000000000000f, -1.845839796972857f, -1.073878203910549f,  -0.000000000000000f, -1.073878203910549f, -1.054063686435530f, -0.459778677831410f,  -0.000000000000000f, -0.459778677831410f, -1.280644004843847f, -1.735202721432949f,  -0.000000000000000f, -1.735202721432949f, </div>
<div class="line"><a name="l00074"></a><span class="lineno">   74</span>&#160;            -0.136819572858730f, -1.278091225458310f,  0.829851523433553f, -1.845839796972857f, -1.845839796972857f, -18.000000000000000f, -0.870317782110254f,  1.952320881723154f, -0.870317782110254f,  0.000000000000000f,  5.346836201280334f, -0.270667199153855f,  5.346836201280334f,  0.000000000000000f, -5.339137126690483f, -0.328849509156732f, -5.339137126690483f, </div>
<div class="line"><a name="l00075"></a><span class="lineno">   75</span>&#160;             0.490620635702894f,  0.083355149460816f,  0.020690614113166f, -1.073878203910549f, -1.073878203910549f, -0.870317782110254f, -18.000000000000000f,  3.230443483240851f, -18.000000000000000f,  5.346836201280334f,  0.000000000000000f,  0.406120637969283f,  0.000000000000000f, -5.339137126690483f,  0.000000000000000f,  1.532697513417059f,  0.000000000000000f, </div>
<div class="line"><a name="l00076"></a><span class="lineno">   76</span>&#160;             1.054973777766396f, -0.487462765679829f, -2.580032965599663f,  -0.000000000000000f,  -0.000000000000000f,  1.952320881723154f,  3.230443483240851f, -18.000000000000000f,  3.230443483240851f, -0.270667199153855f,  0.406120637969283f,  0.000000000000000f,  0.406120637969283f, -0.328849509156732f,  1.532697513417059f,  0.000000000000000f,  1.532697513417059f, </div>
<div class="line"><a name="l00077"></a><span class="lineno">   77</span>&#160;             0.490620635702894f,  0.083355149460816f,  0.020690614113166f, -1.073878203910549f, -1.073878203910549f, -0.870317782110254f, -18.000000000000000f,  3.230443483240851f, -18.000000000000000f,  5.346836201280334f,  0.000000000000000f,  0.406120637969283f,  0.000000000000000f, -5.339137126690483f,  0.000000000000000f,  1.532697513417059f,  0.000000000000000f, </div>
<div class="line"><a name="l00078"></a><span class="lineno">   78</span>&#160;            -1.842070963155020f, -1.905209827525377f,  0.657690323489699f, -1.054063686435530f, -1.054063686435530f,  0.000000000000000f,  5.346836201280334f, -0.270667199153855f,  5.346836201280334f, -18.000000000000000f, -3.237796147235768f,  2.271739855201187f, -3.237796147235768f,  0.000000000000000f, -4.286382937806295f, -0.187788954638817f, -4.286382937806295f, </div>
<div class="line"><a name="l00079"></a><span class="lineno">   79</span>&#160;            -1.251045247096330f,  0.192988858740412f,  0.014068074329102f, -0.459778677831410f, -0.459778677831410f,  5.346836201280334f,  0.000000000000000f,  0.406120637969283f,  0.000000000000000f, -3.237796147235768f, -18.000000000000000f,  2.455770919795743f, -18.000000000000000f, -4.286382937806295f,  0.000000000000000f,  0.656221193118736f,  0.000000000000000f, </div>
<div class="line"><a name="l00080"></a><span class="lineno">   80</span>&#160;            -0.577921430763274f,  0.765367662411835f, -1.065881447630231f,  -0.000000000000000f,  -0.000000000000000f, -0.270667199153855f,  0.406120637969283f,  0.000000000000000f,  0.406120637969283f,  2.271739855201187f,  2.455770919795743f, -18.000000000000000f,  2.455770919795743f, -0.187788954638817f,  0.656221193118736f,  0.000000000000000f,  0.656221193118736f, </div>
<div class="line"><a name="l00081"></a><span class="lineno">   81</span>&#160;            -1.251045247096330f,  0.192988858740412f,  0.014068074329102f, -0.459778677831410f, -0.459778677831410f,  5.346836201280334f,  0.000000000000000f,  0.406120637969283f,  0.000000000000000f, -3.237796147235768f, -18.000000000000000f,  2.455770919795743f, -18.000000000000000f, -4.286382937806295f,  0.000000000000000f,  0.656221193118736f,  0.000000000000000f, </div>
<div class="line"><a name="l00082"></a><span class="lineno">   82</span>&#160;            -0.885291013362025f, -0.210822729894517f,  1.140498088276427f, -1.280644004843847f, -1.280644004843847f,  0.000000000000000f, -5.339137126690483f, -0.328849509156732f, -5.339137126690483f,  0.000000000000000f, -4.286382937806295f, -0.187788954638817f, -4.286382937806295f, -18.000000000000000f, -3.250149237806673f,  2.198148047893267f, -3.250149237806673f, </div>
<div class="line"><a name="l00083"></a><span class="lineno">   83</span>&#160;            -1.338143728322809f,  0.110340408599872f,  0.521485401203287f, -1.735202721432949f, -1.735202721432949f, -5.339137126690483f,  0.000000000000000f,  1.532697513417059f,  0.000000000000000f, -4.286382937806295f,  0.000000000000000f,  0.656221193118736f,  0.000000000000000f, -3.250149237806673f, -18.000000000000000f,  4.758467144976980f, -18.000000000000000f, </div>
<div class="line"><a name="l00084"></a><span class="lineno">   84</span>&#160;             0.203058160385995f, -0.938424604163818f, -0.538148457726413f,  -0.000000000000000f,  -0.000000000000000f, -0.328849509156732f,  1.532697513417059f,  0.000000000000000f,  1.532697513417059f, -0.187788954638817f,  0.656221193118736f,  0.000000000000000f,  0.656221193118736f,  2.198148047893267f,  4.758467144976980f, -18.000000000000000f,  4.758467144976980f, </div>
<div class="line"><a name="l00085"></a><span class="lineno">   85</span>&#160;            -1.338143728322809f,  0.110340408599872f,  0.521485401203287f, -1.735202721432949f, -1.735202721432949f, -5.339137126690483f,  0.000000000000000f,  1.532697513417059f,  0.000000000000000f, -4.286382937806295f,  0.000000000000000f,  0.656221193118736f,  0.000000000000000f, -3.250149237806673f, -18.000000000000000f,  4.758467144976980f, -18.000000000000000f;</div>
<div class="line"><a name="l00086"></a><span class="lineno">   86</span>&#160;</div>
<div class="line"><a name="l00087"></a><span class="lineno">   87</span>&#160;    <span class="comment">// Actual value</span></div>
<div class="line"><a name="l00088"></a><span class="lineno">   88</span>&#160;    MatrixPtr pK2 = <a class="code" href="classGP_1_1CovSEisoDerObs.html">CovSEisoDerObs&lt;TestType&gt;::K</a>(logHyp, derivativeTrainingData, 0);</div>
<div class="line"><a name="l00089"></a><span class="lineno">   89</span>&#160;</div>
<div class="line"><a name="l00090"></a><span class="lineno">   90</span>&#160;    <span class="comment">// Test</span></div>
<div class="line"><a name="l00091"></a><span class="lineno">   91</span>&#160;    <a class="code" href="classTEST__MACRO.html#a30a45fa7c6788a2362e8cf497d3c1805">TEST_MACRO::COMPARE</a>(K1, *pK2, __FILE__, __LINE__);</div>
<div class="line"><a name="l00092"></a><span class="lineno">   92</span>&#160;}</div>
<div class="line"><a name="l00093"></a><span class="lineno">   93</span>&#160;</div>
<div class="line"><a name="l00095"></a><span class="lineno"><a class="line" href="TestcaseCovSEisoDerObs_8hpp.html#a6e37e95e347a52d6f93027ed606c73f1">   95</a></span>&#160;<a class="code" href="TestcaseCovSEisoDerObs_8hpp.html#a12c2c632f0efae3977407b8fcbd0565b">TEST_F</a>(<a class="code" href="classTestCaseCovSEisoDerObs.html">TestCaseCovSEisoDerObs</a>, dKdlogsigmafTest)</div>
<div class="line"><a name="l00096"></a><span class="lineno">   96</span>&#160;{</div>
<div class="line"><a name="l00097"></a><span class="lineno">   97</span>&#160;    <span class="comment">// Expected value</span></div>
<div class="line"><a name="l00098"></a><span class="lineno">   98</span>&#160;    Matrix K1(17, 17);</div>
<div class="line"><a name="l00099"></a><span class="lineno">   99</span>&#160;    K1 &lt;&lt;  4.500000000000000f,  2.391566843033882f,  2.068258413742825f,  1.213652802156266f,  1.213652802156266f, -0.209096581849906f,  0.856859986591163f,  3.398287806185042f,  0.856859986591163f, -2.815172813895416f, -2.184927692892753f, -1.861603949298088f, -2.184927692892753f, -1.352959382701566f, -2.337043600836392f,  0.654092153690374f, -2.337043600836392f, </div>
<div class="line"><a name="l00100"></a><span class="lineno">  100</span>&#160;            2.391566843033882f,  4.500000000000000f,  1.788691088007260f,  2.127045153645877f,  2.127045153645877f, -1.520517938136889f, -1.684042327850136f,  1.944745188594059f, -1.684042327850136f, -2.266587596380865f, -3.898996151103107f, -3.053453891816892f, -3.898996151103107f, -0.250811316270990f, -2.229231424290288f,  3.743868993277220f, -2.229231424290288f, </div>
<div class="line"><a name="l00101"></a><span class="lineno">  101</span>&#160;             2.068258413742825f,  1.788691088007260f,  4.500000000000000f,  2.787417058819007f,  2.787417058819007f, -2.815528298077105f, -0.195079181660578f,  4.951717610715929f, -0.195079181660578f, -2.231418108982969f, -0.132639292997839f,  2.045688565044857f, -0.132639292997839f, -3.869492976477300f, -4.916767803906841f,  1.032839204317740f, -4.916767803906841f, </div>
<div class="line"><a name="l00102"></a><span class="lineno">  102</span>&#160;             1.213652802156266f,  2.127045153645877f,  2.787417058819007f,  4.500000000000000f,  4.500000000000000f, -1.690080498588427f, -1.577774516643144f,  0.000000000000000f, -1.577774516643144f, -0.965117603183367f, -0.675520816547556f,  0.000000000000000f, -0.675520816547556f, -1.172578173777774f, -2.549412610403244f,  0.000000000000000f, -2.549412610403244f, </div>
<div class="line"><a name="l00103"></a><span class="lineno">  103</span>&#160;             1.213652802156266f,  2.127045153645877f,  2.787417058819007f,  4.500000000000000f,  4.500000000000000f, -1.690080498588427f, -1.577774516643144f,  0.000000000000000f, -1.577774516643144f, -0.965117603183367f, -0.675520816547556f,  0.000000000000000f, -0.675520816547556f, -1.172578173777774f, -2.549412610403244f,  0.000000000000000f, -2.549412610403244f, </div>
<div class="line"><a name="l00104"></a><span class="lineno">  104</span>&#160;            -0.209096581849906f, -1.520517938136889f, -2.815528298077105f, -1.690080498588427f, -1.690080498588427f,  18.000000000000000f,  8.122578633520462f, -2.921433316901480f,  8.122578633520462f,  0.000000000000000f, -3.310965475811941f, -2.936899174830953f, -3.310965475811941f,  0.000000000000000f,  3.306197914360069f, -3.568211645538123f,  3.306197914360069f, </div>
<div class="line"><a name="l00105"></a><span class="lineno">  105</span>&#160;             0.856859986591163f, -1.684042327850136f, -0.195079181660578f, -1.577774516643144f, -1.577774516643144f,  8.122578633520462f,  18.000000000000000f,  0.382565397655461f,  18.000000000000000f, -3.310965475811941f,  0.000000000000000f, -1.271624294680698f,  0.000000000000000f,  3.306197914360069f,  0.000000000000000f, -4.799104532592702f,  0.000000000000000f, </div>
<div class="line"><a name="l00106"></a><span class="lineno">  106</span>&#160;             3.398287806185042f,  1.944745188594059f,  4.951717610715929f,  0.000000000000000f,  0.000000000000000f, -2.921433316901480f,  0.382565397655461f,  18.000000000000000f,  0.382565397655461f, -2.936899174830953f, -1.271624294680698f,  0.000000000000000f, -1.271624294680698f, -3.568211645538123f, -4.799104532592702f,  0.000000000000000f, -4.799104532592702f, </div>
<div class="line"><a name="l00107"></a><span class="lineno">  107</span>&#160;             0.856859986591163f, -1.684042327850136f, -0.195079181660578f, -1.577774516643144f, -1.577774516643144f,  8.122578633520462f,  18.000000000000000f,  0.382565397655461f,  18.000000000000000f, -3.310965475811941f,  0.000000000000000f, -1.271624294680698f,  0.000000000000000f,  3.306197914360069f,  0.000000000000000f, -4.799104532592702f,  0.000000000000000f, </div>
<div class="line"><a name="l00108"></a><span class="lineno">  108</span>&#160;            -2.815172813895416f, -2.266587596380865f, -2.231418108982969f, -0.965117603183367f, -0.965117603183367f,  0.000000000000000f, -3.310965475811941f, -2.936899174830953f, -3.310965475811941f,  18.000000000000000f,  9.588611785945304f,  0.544451439602559f,  9.588611785945304f,  0.000000000000000f,  2.654292256005079f, -2.037621210273108f,  2.654292256005079f, </div>
<div class="line"><a name="l00109"></a><span class="lineno">  109</span>&#160;            -2.184927692892753f, -3.898996151103107f, -0.132639292997839f, -0.675520816547556f, -0.675520816547556f, -3.310965475811941f,  0.000000000000000f, -1.271624294680698f,  0.000000000000000f,  9.588611785945304f,  18.000000000000000f,  2.808180744428068f,  18.000000000000000f,  2.654292256005079f,  0.000000000000000f, -2.054726438003018f,  0.000000000000000f, </div>
<div class="line"><a name="l00110"></a><span class="lineno">  110</span>&#160;            -1.861603949298088f, -3.053453891816892f,  2.045688565044857f,  0.000000000000000f,  0.000000000000000f, -2.936899174830953f, -1.271624294680698f,  0.000000000000000f, -1.271624294680698f,  0.544451439602559f,  2.808180744428068f,  18.000000000000000f,  2.808180744428068f, -2.037621210273108f, -2.054726438003018f,  0.000000000000000f, -2.054726438003018f, </div>
<div class="line"><a name="l00111"></a><span class="lineno">  111</span>&#160;            -2.184927692892753f, -3.898996151103107f, -0.132639292997839f, -0.675520816547556f, -0.675520816547556f, -3.310965475811941f,  0.000000000000000f, -1.271624294680698f,  0.000000000000000f,  9.588611785945304f,  18.000000000000000f,  2.808180744428068f,  18.000000000000000f,  2.654292256005079f,  0.000000000000000f, -2.054726438003018f,  0.000000000000000f, </div>
<div class="line"><a name="l00112"></a><span class="lineno">  112</span>&#160;            -1.352959382701566f, -0.250811316270990f, -3.869492976477300f, -1.172578173777774f, -1.172578173777774f,  0.000000000000000f,  3.306197914360069f, -3.568211645538123f,  3.306197914360069f,  0.000000000000000f,  2.654292256005079f, -2.037621210273108f,  2.654292256005079f,  18.000000000000000f,  9.596261292094390f, -0.254063189553142f,  9.596261292094390f, </div>
<div class="line"><a name="l00113"></a><span class="lineno">  113</span>&#160;            -2.337043600836392f, -2.229231424290288f, -4.916767803906841f, -2.549412610403244f, -2.549412610403244f,  3.306197914360069f,  0.000000000000000f, -4.799104532592702f,  0.000000000000000f,  2.654292256005079f,  0.000000000000000f, -2.054726438003018f,  0.000000000000000f,  9.596261292094390f,  18.000000000000000f, -4.401904608169719f,  18.000000000000000f, </div>
<div class="line"><a name="l00114"></a><span class="lineno">  114</span>&#160;             0.654092153690374f,  3.743868993277220f,  1.032839204317740f,  0.000000000000000f,  0.000000000000000f, -3.568211645538123f, -4.799104532592702f,  0.000000000000000f, -4.799104532592702f, -2.037621210273108f, -2.054726438003018f,  0.000000000000000f, -2.054726438003018f, -0.254063189553142f, -4.401904608169719f,  18.000000000000000f, -4.401904608169719f, </div>
<div class="line"><a name="l00115"></a><span class="lineno">  115</span>&#160;            -2.337043600836392f, -2.229231424290288f, -4.916767803906841f, -2.549412610403244f, -2.549412610403244f,  3.306197914360069f,  0.000000000000000f, -4.799104532592702f,  0.000000000000000f,  2.654292256005079f,  0.000000000000000f, -2.054726438003018f,  0.000000000000000f,  9.596261292094390f,  18.000000000000000f, -4.401904608169719f,  18.000000000000000f;</div>
<div class="line"><a name="l00116"></a><span class="lineno">  116</span>&#160;</div>
<div class="line"><a name="l00117"></a><span class="lineno">  117</span>&#160;    <span class="comment">// Actual value</span></div>
<div class="line"><a name="l00118"></a><span class="lineno">  118</span>&#160;    MatrixPtr pK2 = <a class="code" href="classGP_1_1CovSEisoDerObs.html">CovSEisoDerObs&lt;TestType&gt;::K</a>(logHyp, derivativeTrainingData, 1);</div>
<div class="line"><a name="l00119"></a><span class="lineno">  119</span>&#160;</div>
<div class="line"><a name="l00120"></a><span class="lineno">  120</span>&#160;    <span class="comment">// Test</span></div>
<div class="line"><a name="l00121"></a><span class="lineno">  121</span>&#160;    <a class="code" href="classTEST__MACRO.html#a30a45fa7c6788a2362e8cf497d3c1805">TEST_MACRO::COMPARE</a>(K1, *pK2, __FILE__, __LINE__);</div>
<div class="line"><a name="l00122"></a><span class="lineno">  122</span>&#160;}</div>
<div class="line"><a name="l00123"></a><span class="lineno">  123</span>&#160;</div>
<div class="line"><a name="l00125"></a><span class="lineno"><a class="line" href="TestcaseCovSEisoDerObs_8hpp.html#a730e01e56ba01a93ce856ace1f3c1e81">  125</a></span>&#160;<a class="code" href="TestcaseCovSEisoDerObs_8hpp.html#a12c2c632f0efae3977407b8fcbd0565b">TEST_F</a>(<a class="code" href="classTestCaseCovSEisoDerObs.html">TestCaseCovSEisoDerObs</a>, KsTest)</div>
<div class="line"><a name="l00126"></a><span class="lineno">  126</span>&#160;{</div>
<div class="line"><a name="l00127"></a><span class="lineno">  127</span>&#160;    <span class="comment">// Expected value</span></div>
<div class="line"><a name="l00128"></a><span class="lineno">  128</span>&#160;    Matrix Ks1(17, 3);</div>
<div class="line"><a name="l00129"></a><span class="lineno">  129</span>&#160;    Ks1 &lt;&lt;  0.442420538101783f,  0.606826401078133f,  0.466895653792557f, </div>
<div class="line"><a name="l00130"></a><span class="lineno">  130</span>&#160;             0.171990951493561f,  1.063522576822939f,  0.869729773610560f, </div>
<div class="line"><a name="l00131"></a><span class="lineno">  131</span>&#160;              1.400962283095986f,  1.393708529409504f,  0.920344577630508f, </div>
<div class="line"><a name="l00132"></a><span class="lineno">  132</span>&#160;              0.395427022709171f,  2.250000000000000f,  0.419077999008476f, </div>
