<!DOCTYPE html PUBLIC "-//W3C//DTD XHTML 1.0 Transitional//EN" "http://www.w3.org/TR/xhtml1/DTD/xhtml1-transitional.dtd">
<html xmlns="http://www.w3.org/1999/xhtml">
<head>
<meta http-equiv="Content-Type" content="text/xhtml;charset=UTF-8"/>
<meta http-equiv="X-UA-Compatible" content="IE=9"/>
<meta name="generator" content="Doxygen 1.8.7"/>
<title>OpenGP: TestcaseCovSparseisoDerObs.hpp Source File</title>
<link href="tabs.css" rel="stylesheet" type="text/css"/>
<script type="text/javascript" src="jquery.js"></script>
<script type="text/javascript" src="dynsections.js"></script>
<link href="navtree.css" rel="stylesheet" type="text/css"/>
<script type="text/javascript" src="resize.js"></script>
<script type="text/javascript" src="navtree.js"></script>
<script type="text/javascript">
  $(document).ready(initResizable);
  $(window).load(resizeHeight);
</script>
<link href="search/search.css" rel="stylesheet" type="text/css"/>
<script type="text/javascript" src="search/search.js"></script>
<script type="text/javascript">
  $(document).ready(function() { searchBox.OnSelectItem(0); });
</script>
<script type="text/x-mathjax-config">
  MathJax.Hub.Config({
    extensions: ["tex2jax.js"],
    jax: ["input/TeX","output/HTML-CSS"],
});
</script><script src="http://cdn.mathjax.org/mathjax/latest/MathJax.js"></script>
<link href="doxygen.css" rel="stylesheet" type="text/css" />
</head>
<body>
<div id="top"><!-- do not remove this div, it is closed by doxygen! -->
<div id="titlearea">
<table cellspacing="0" cellpadding="0">
 <tbody>
 <tr style="height: 56px;">
  <td style="padding-left: 0.5em;">
   <div id="projectname">OpenGP
   &#160;<span id="projectnumber">1.0</span>
   </div>
  </td>
 </tr>
 </tbody>
</table>
</div>
<!-- end header part -->
<!-- Generated by Doxygen 1.8.7 -->
<script type="text/javascript">
var searchBox = new SearchBox("searchBox", "search",false,'Search');
</script>
  <div id="navrow1" class="tabs">
    <ul class="tablist">
      <li><a href="index.html"><span>Main&#160;Page</span></a></li>
      <li><a href="pages.html"><span>Related&#160;Pages</span></a></li>
      <li><a href="modules.html"><span>Modules</span></a></li>
      <li><a href="namespaces.html"><span>Namespaces</span></a></li>
      <li><a href="annotated.html"><span>Classes</span></a></li>
      <li class="current"><a href="files.html"><span>Files</span></a></li>
      <li>
        <div id="MSearchBox" class="MSearchBoxInactive">
        <span class="left">
          <img id="MSearchSelect" src="search/mag_sel.png"
               onmouseover="return searchBox.OnSearchSelectShow()"
               onmouseout="return searchBox.OnSearchSelectHide()"
               alt=""/>
          <input type="text" id="MSearchField" value="Search" accesskey="S"
               onfocus="searchBox.OnSearchFieldFocus(true)" 
               onblur="searchBox.OnSearchFieldFocus(false)" 
               onkeyup="searchBox.OnSearchFieldChange(event)"/>
          </span><span class="right">
            <a id="MSearchClose" href="javascript:searchBox.CloseResultsWindow()"><img id="MSearchCloseImg" border="0" src="search/close.png" alt=""/></a>
          </span>
        </div>
      </li>
    </ul>
  </div>
  <div id="navrow2" class="tabs2">
    <ul class="tablist">
      <li><a href="files.html"><span>File&#160;List</span></a></li>
      <li><a href="globals.html"><span>File&#160;Members</span></a></li>
    </ul>
  </div>
</div><!-- top -->
<div id="side-nav" class="ui-resizable side-nav-resizable">
  <div id="nav-tree">
    <div id="nav-tree-contents">
      <div id="nav-sync" class="sync"></div>
    </div>
  </div>
  <div id="splitbar" style="-moz-user-select:none;" 
       class="ui-resizable-handle">
  </div>
</div>
<script type="text/javascript">
$(document).ready(function(){initNavTree('TestcaseCovSparseisoDerObs_8hpp_source.html','');});
</script>
<div id="doc-content">
<!-- window showing the filter options -->
<div id="MSearchSelectWindow"
     onmouseover="return searchBox.OnSearchSelectShow()"
     onmouseout="return searchBox.OnSearchSelectHide()"
     onkeydown="return searchBox.OnSearchSelectKey(event)">
<a class="SelectItem" href="javascript:void(0)" onclick="searchBox.OnSelectItem(0)"><span class="SelectionMark">&#160;</span>All</a><a class="SelectItem" href="javascript:void(0)" onclick="searchBox.OnSelectItem(1)"><span class="SelectionMark">&#160;</span>Classes</a><a class="SelectItem" href="javascript:void(0)" onclick="searchBox.OnSelectItem(2)"><span class="SelectionMark">&#160;</span>Namespaces</a><a class="SelectItem" href="javascript:void(0)" onclick="searchBox.OnSelectItem(3)"><span class="SelectionMark">&#160;</span>Files</a><a class="SelectItem" href="javascript:void(0)" onclick="searchBox.OnSelectItem(4)"><span class="SelectionMark">&#160;</span>Functions</a><a class="SelectItem" href="javascript:void(0)" onclick="searchBox.OnSelectItem(5)"><span class="SelectionMark">&#160;</span>Variables</a><a class="SelectItem" href="javascript:void(0)" onclick="searchBox.OnSelectItem(6)"><span class="SelectionMark">&#160;</span>Typedefs</a><a class="SelectItem" href="javascript:void(0)" onclick="searchBox.OnSelectItem(7)"><span class="SelectionMark">&#160;</span>Macros</a><a class="SelectItem" href="javascript:void(0)" onclick="searchBox.OnSelectItem(8)"><span class="SelectionMark">&#160;</span>Groups</a><a class="SelectItem" href="javascript:void(0)" onclick="searchBox.OnSelectItem(9)"><span class="SelectionMark">&#160;</span>Pages</a></div>

<!-- iframe showing the search results (closed by default) -->
<div id="MSearchResultsWindow">
<iframe src="javascript:void(0)" frameborder="0" 
        name="MSearchResults" id="MSearchResults">
</iframe>
</div>

<div class="header">
  <div class="headertitle">
<div class="title">TestcaseCovSparseisoDerObs.hpp</div>  </div>
</div><!--header-->
<div class="contents">
<a href="TestcaseCovSparseisoDerObs_8hpp.html">Go to the documentation of this file.</a><div class="fragment"><div class="line"><a name="l00001"></a><span class="lineno">    1</span>&#160;<span class="preprocessor">#ifndef _TEST_CASE_COVARIANCE_FUNCTION_SPARSE_ISO_WIDE_DERIVATIVE_OBSERVATIONS_HPP_</span></div>
<div class="line"><a name="l00002"></a><span class="lineno">    2</span>&#160;<span class="preprocessor">#define _TEST_CASE_COVARIANCE_FUNCTION_SPARSE_ISO_WIDE_DERIVATIVE_OBSERVATIONS_HPP_</span></div>
<div class="line"><a name="l00003"></a><span class="lineno">    3</span>&#160;</div>
<div class="line"><a name="l00004"></a><span class="lineno">    4</span>&#160;<span class="preprocessor">#include &quot;<a class="code" href="TestDerivativeDataSetting_8hpp.html">TestDerivativeDataSetting.hpp</a>&quot;</span></div>
<div class="line"><a name="l00005"></a><span class="lineno">    5</span>&#160;<span class="preprocessor">#include &lt;fstream&gt;</span></div>
<div class="line"><a name="l00006"></a><span class="lineno">    6</span>&#160;</div>
<div class="line"><a name="l00015"></a><span class="lineno"><a class="line" href="classTestCaseCovSparseisoDerObs.html">   15</a></span>&#160;<span class="keyword">class </span><a class="code" href="classTestCaseCovSparseisoDerObs.html">TestCaseCovSparseisoDerObs</a> : <span class="keyword">public</span> <a class="code" href="classTestDerivativeDataSetting.html">TestDerivativeDataSetting</a></div>
<div class="line"><a name="l00016"></a><span class="lineno">   16</span>&#160;{</div>
<div class="line"><a name="l00017"></a><span class="lineno">   17</span>&#160;<span class="keyword">protected</span>:</div>
<div class="line"><a name="l00019"></a><span class="lineno"><a class="line" href="classTestCaseCovSparseisoDerObs.html#ae06bc42ed26a050686ed0063096ea26b">   19</a></span>&#160;    <span class="keyword">virtual</span> <span class="keywordtype">void</span> <a class="code" href="classTestCaseCovSparseisoDerObs.html#ae06bc42ed26a050686ed0063096ea26b">SetUp</a>()</div>
<div class="line"><a name="l00020"></a><span class="lineno">   20</span>&#160;    {</div>
<div class="line"><a name="l00021"></a><span class="lineno">   21</span>&#160;        <span class="comment">// Call the parent set up.</span></div>
<div class="line"><a name="l00022"></a><span class="lineno">   22</span>&#160;        <a class="code" href="classTestDerivativeDataSetting.html#a2633c0742369a8697522889ab52a9e0f">TestDerivativeDataSetting::SetUp</a>();</div>
<div class="line"><a name="l00023"></a><span class="lineno">   23</span>&#160;</div>
<div class="line"><a name="l00024"></a><span class="lineno">   24</span>&#160;        <span class="comment">// Set the hyperparameters.</span></div>
<div class="line"><a name="l00025"></a><span class="lineno">   25</span>&#160;        <a class="code" href="classTestCaseCovSparseisoDerObs.html#a67fc1dfa446b7631466e27bf77a4e848">logHyp</a>(0) = log(<a class="code" href="classTestFunctionDataSetting.html#a976f555da4b2870e5ed766f5a5a41d7a">ell</a>);</div>
<div class="line"><a name="l00026"></a><span class="lineno">   26</span>&#160;        <a class="code" href="classTestCaseCovSparseisoDerObs.html#a67fc1dfa446b7631466e27bf77a4e848">logHyp</a>(1) = log(<a class="code" href="classTestFunctionDataSetting.html#a2551daf8cd8f0a8bdd1bd15b815d1f82">sigma_f</a>);</div>
<div class="line"><a name="l00027"></a><span class="lineno">   27</span>&#160;    }</div>
<div class="line"><a name="l00028"></a><span class="lineno">   28</span>&#160;</div>
<div class="line"><a name="l00029"></a><span class="lineno">   29</span>&#160;<span class="keyword">protected</span>:</div>
<div class="line"><a name="l00031"></a><span class="lineno"><a class="line" href="classTestCaseCovSparseisoDerObs.html#a67fc1dfa446b7631466e27bf77a4e848">   31</a></span>&#160;    <a class="code" href="classGP_1_1CovSparseisoDerObs.html">CovSparseisoDerObs&lt;TestType&gt;::Hyp</a> <a class="code" href="classTestCaseCovSparseisoDerObs.html#a67fc1dfa446b7631466e27bf77a4e848">logHyp</a>;</div>
<div class="line"><a name="l00032"></a><span class="lineno">   32</span>&#160;};</div>
<div class="line"><a name="l00033"></a><span class="lineno">   33</span>&#160;</div>
<div class="line"><a name="l00035"></a><span class="lineno"><a class="line" href="TestcaseCovSparseisoDerObs_8hpp.html#a03cd01326a3a62e9eba8c2b07021c507">   35</a></span>&#160;<a class="code" href="TestcaseCovSparseisoDerObs_8hpp.html#a03cd01326a3a62e9eba8c2b07021c507">TEST_F</a>(<a class="code" href="classTestCaseCovSparseisoDerObs.html">TestCaseCovSparseisoDerObs</a>, KTest)</div>
<div class="line"><a name="l00036"></a><span class="lineno">   36</span>&#160;{</div>
<div class="line"><a name="l00037"></a><span class="lineno">   37</span>&#160;    <span class="comment">// Expected value</span></div>
<div class="line"><a name="l00038"></a><span class="lineno">   38</span>&#160;    Matrix K1(17, 17);</div>
<div class="line"><a name="l00039"></a><span class="lineno">   39</span>&#160;    K1 &lt;&lt;  2.250000000000000f,  0.000000000000000f,  0.000000000000000f,  0.000000000000000f,  0.000000000000000f,  0.000000000000000f,  0.000000000000000f,  0.000000000000000f,  0.000000000000000f,  0.000000000000000f,  0.000000000000000f,  0.000000000000000f,  0.000000000000000f,  0.000000000000000f,  0.000000000000000f,  0.000000000000000f,  0.000000000000000f,</div>
<div class="line"><a name="l00040"></a><span class="lineno">   40</span>&#160;             0.000000000000000f,  2.250000000000000f,  0.000000000000000f,  0.000000000000000f,  0.000000000000000f,  0.000000000000000f,  0.000000000000000f,  0.000000000000000f,  0.000000000000000f,  0.000000000000000f,  0.000000000000000f,  0.000000000000000f,  0.000000000000000f,  0.000000000000000f,  0.000000000000000f,  0.000000000000000f,  0.000000000000000f,</div>
<div class="line"><a name="l00041"></a><span class="lineno">   41</span>&#160;             0.000000000000000f,  0.000000000000000f,  2.250000000000000f,  0.000000084623653f,  0.000000084623653f,  0.000000000000000f,  0.000000000000000f,  0.000036104069723f,  0.000000000000000f,  0.000000000000000f,  0.000000000000000f,  0.000014915568372f,  0.000000000000000f,  0.000000000000000f,  0.000000000000000f,  0.000007530659375f,  0.000000000000000f,</div>
<div class="line"><a name="l00042"></a><span class="lineno">   42</span>&#160;             0.000000000000000f,  0.000000000000000f,  0.000000084623653f,  2.250000000000000f,  2.250000000000000f,  0.000000000000000f,  0.000000000000000f,  0.000000000000000f,  0.000000000000000f,  0.000000000000000f,  0.000000000000000f,  0.000000000000000f,  0.000000000000000f,  0.000000000000000f,  0.000000000000000f,  0.000000000000000f,  0.000000000000000f,</div>
<div class="line"><a name="l00043"></a><span class="lineno">   43</span>&#160;             0.000000000000000f,  0.000000000000000f,  0.000000084623653f,  2.250000000000000f,  2.250000000000000f,  0.000000000000000f,  0.000000000000000f,  0.000000000000000f,  0.000000000000000f,  0.000000000000000f,  0.000000000000000f,  0.000000000000000f,  0.000000000000000f,  0.000000000000000f,  0.000000000000000f,  0.000000000000000f,  0.000000000000000f,</div>
<div class="line"><a name="l00044"></a><span class="lineno">   44</span>&#160;             0.000000000000000f,  0.000000000000000f,  0.000000000000000f,  0.000000000000000f,  0.000000000000000f,  118.435252813072280f, -1.122658039912613f,  0.000000000000000f, -1.122658039912613f,  0.000000000000000f, -0.978130939088089f,  0.000000000000000f, -0.978130939088089f,  0.000000000000000f,  0.976722498138117f,  0.000000000000000f,  0.976722498138117f,</div>
<div class="line"><a name="l00045"></a><span class="lineno">   45</span>&#160;             0.000000000000000f,  0.000000000000000f,  0.000000000000000f,  0.000000000000000f,  0.000000000000000f, -1.122658039912613f,  118.435252813072280f,  0.000000000000000f,  118.435252813072280f, -0.978130939088089f,  0.000000000000000f,  0.000000000000000f,  0.000000000000000f,  0.976722498138117f,  0.000000000000000f,  0.000000000000000f,  0.000000000000000f,</div>
<div class="line"><a name="l00046"></a><span class="lineno">   46</span>&#160;             0.000000000000000f,  0.000000000000000f,  0.000036104069723f,  0.000000000000000f,  0.000000000000000f,  0.000000000000000f,  0.000000000000000f,  118.435252813072280f,  0.000000000000000f,  0.000000000000000f,  0.000000000000000f,  0.000000000000000f,  0.000000000000000f,  0.000000000000000f,  0.000000000000000f,  0.000000000000000f,  0.000000000000000f,</div>
<div class="line"><a name="l00047"></a><span class="lineno">   47</span>&#160;             0.000000000000000f,  0.000000000000000f,  0.000000000000000f,  0.000000000000000f,  0.000000000000000f, -1.122658039912613f,  118.435252813072280f,  0.000000000000000f,  118.435252813072280f, -0.978130939088089f,  0.000000000000000f,  0.000000000000000f,  0.000000000000000f,  0.976722498138117f,  0.000000000000000f,  0.000000000000000f,  0.000000000000000f,</div>
<div class="line"><a name="l00048"></a><span class="lineno">   48</span>&#160;             0.000000000000000f,  0.000000000000000f,  0.000000000000000f,  0.000000000000000f,  0.000000000000000f,  0.000000000000000f, -0.978130939088089f,  0.000000000000000f, -0.978130939088089f,  118.435252813072280f, -0.689560082657734f,  0.000000000000000f, -0.689560082657734f,  0.000000000000000f,  0.784135442047706f,  0.000000000000000f,  0.784135442047706f,</div>
<div class="line"><a name="l00049"></a><span class="lineno">   49</span>&#160;             0.000000000000000f,  0.000000000000000f,  0.000000000000000f,  0.000000000000000f,  0.000000000000000f, -0.978130939088089f,  0.000000000000000f,  0.000000000000000f,  0.000000000000000f, -0.689560082657734f,  118.435252813072280f,  0.000000000000000f,  118.435252813072280f,  0.784135442047706f,  0.000000000000000f,  0.000000000000000f,  0.000000000000000f,</div>
<div class="line"><a name="l00050"></a><span class="lineno">   50</span>&#160;             0.000000000000000f,  0.000000000000000f,  0.000014915568372f,  0.000000000000000f,  0.000000000000000f,  0.000000000000000f,  0.000000000000000f,  0.000000000000000f,  0.000000000000000f,  0.000000000000000f,  0.000000000000000f,  118.435252813072280f,  0.000000000000000f,  0.000000000000000f,  0.000000000000000f,  0.000000000000000f,  0.000000000000000f,</div>
<div class="line"><a name="l00051"></a><span class="lineno">   51</span>&#160;             0.000000000000000f,  0.000000000000000f,  0.000000000000000f,  0.000000000000000f,  0.000000000000000f, -0.978130939088089f,  0.000000000000000f,  0.000000000000000f,  0.000000000000000f, -0.689560082657734f,  118.435252813072280f,  0.000000000000000f,  118.435252813072280f,  0.784135442047706f,  0.000000000000000f,  0.000000000000000f,  0.000000000000000f,</div>
<div class="line"><a name="l00052"></a><span class="lineno">   52</span>&#160;             0.000000000000000f,  0.000000000000000f,  0.000000000000000f,  0.000000000000000f,  0.000000000000000f,  0.000000000000000f,  0.976722498138117f,  0.000000000000000f,  0.976722498138117f,  0.000000000000000f,  0.784135442047706f,  0.000000000000000f,  0.784135442047706f,  118.435252813072280f, -0.687300252802115f,  0.000000000000000f, -0.687300252802115f,</div>
<div class="line"><a name="l00053"></a><span class="lineno">   53</span>&#160;             0.000000000000000f,  0.000000000000000f,  0.000000000000000f,  0.000000000000000f,  0.000000000000000f,  0.976722498138117f,  0.000000000000000f,  0.000000000000000f,  0.000000000000000f,  0.784135442047706f,  0.000000000000000f,  0.000000000000000f,  0.000000000000000f, -0.687300252802115f,  118.435252813072280f,  0.000000000000000f,  118.435252813072280f,</div>
<div class="line"><a name="l00054"></a><span class="lineno">   54</span>&#160;             0.000000000000000f,  0.000000000000000f,  0.000007530659375f,  0.000000000000000f,  0.000000000000000f,  0.000000000000000f,  0.000000000000000f,  0.000000000000000f,  0.000000000000000f,  0.000000000000000f,  0.000000000000000f,  0.000000000000000f,  0.000000000000000f,  0.000000000000000f,  0.000000000000000f,  118.435252813072280f,  0.000000000000000f,</div>
<div class="line"><a name="l00055"></a><span class="lineno">   55</span>&#160;             0.000000000000000f,  0.000000000000000f,  0.000000000000000f,  0.000000000000000f,  0.000000000000000f,  0.976722498138117f,  0.000000000000000f,  0.000000000000000f,  0.000000000000000f,  0.784135442047706f,  0.000000000000000f,  0.000000000000000f,  0.000000000000000f, -0.687300252802115f,  118.435252813072280f,  0.000000000000000f,  118.435252813072280f;</div>
<div class="line"><a name="l00056"></a><span class="lineno">   56</span>&#160;</div>
<div class="line"><a name="l00057"></a><span class="lineno">   57</span>&#160;    <span class="comment">// Actual value</span></div>
<div class="line"><a name="l00058"></a><span class="lineno">   58</span>&#160;    MatrixPtr pK2 = <a class="code" href="classGP_1_1CovSparseisoDerObs.html">CovSparseisoDerObs&lt;TestType&gt;::K</a>(logHyp, derivativeTrainingData);</div>
<div class="line"><a name="l00059"></a><span class="lineno">   59</span>&#160;</div>
<div class="line"><a name="l00060"></a><span class="lineno">   60</span>&#160;    <span class="comment">// Test</span></div>
<div class="line"><a name="l00061"></a><span class="lineno">   61</span>&#160;    <a class="code" href="classTEST__MACRO.html#a30a45fa7c6788a2362e8cf497d3c1805">TEST_MACRO::COMPARE</a>(K1, *pK2, __FILE__, __LINE__);</div>
<div class="line"><a name="l00062"></a><span class="lineno">   62</span>&#160;}</div>
<div class="line"><a name="l00063"></a><span class="lineno">   63</span>&#160;</div>
<div class="line"><a name="l00065"></a><span class="lineno"><a class="line" href="TestcaseCovSparseisoDerObs_8hpp.html#a1fc8fbf0ce6a5bfb1dd620a5d691ed9f">   65</a></span>&#160;<a class="code" href="TestcaseCovSparseisoDerObs_8hpp.html#a03cd01326a3a62e9eba8c2b07021c507">TEST_F</a>(<a class="code" href="classTestCaseCovSparseisoDerObs.html">TestCaseCovSparseisoDerObs</a>, dKdlogellTest)</div>
<div class="line"><a name="l00066"></a><span class="lineno">   66</span>&#160;{</div>
<div class="line"><a name="l00067"></a><span class="lineno">   67</span>&#160;    <span class="comment">// Expected value</span></div>
<div class="line"><a name="l00068"></a><span class="lineno">   68</span>&#160;    Matrix K1(17, 17);</div>
<div class="line"><a name="l00069"></a><span class="lineno">   69</span>&#160;    K1 &lt;&lt;  -0.000000000000000f,  0.000000000000000f,  0.000000000000000f,  0.000000000000000f,  0.000000000000000f,  0.000000000000000f,  0.000000000000000f,  0.000000000000000f,  0.000000000000000f,  0.000000000000000f,  0.000000000000000f,  0.000000000000000f,  0.000000000000000f,  0.000000000000000f,  0.000000000000000f,  0.000000000000000f,  0.000000000000000f,</div>
<div class="line"><a name="l00070"></a><span class="lineno">   70</span>&#160;              0.000000000000000f,  -0.000000000000000f,  0.000000000000000f,  0.000000000000000f,  0.000000000000000f,  0.000000000000000f,  0.000000000000000f,  0.000000000000000f,  0.000000000000000f,  0.000000000000000f,  0.000000000000000f,  0.000000000000000f,  0.000000000000000f,  0.000000000000000f,  0.000000000000000f,  0.000000000000000f,  0.000000000000000f,</div>
<div class="line"><a name="l00071"></a><span class="lineno">   71</span>&#160;              0.000000000000000f,  0.000000000000000f,  -0.000000000000000f,  0.000019468536748f,  0.000019468536748f,  0.000000000000000f,  0.000000000000000f,  0.006607088473577f,  0.000000000000000f,  0.000000000000000f,  0.000000000000000f,  0.002729567071714f,  0.000000000000000f,  0.000000000000000f,  0.000000000000000f,  0.001378119783555f,  0.000000000000000f,</div>
<div class="line"><a name="l00072"></a><span class="lineno">   72</span>&#160;              0.000000000000000f,  0.000000000000000f,  0.000019468536748f,  -0.000000000000000f,  -0.000000000000000f,  0.000000000000000f,  0.000000000000000f,  -0.000000000000000f,  0.000000000000000f,  0.000000000000000f,  0.000000000000000f,  -0.000000000000000f,  0.000000000000000f,  0.000000000000000f,  0.000000000000000f,  -0.000000000000000f,  0.000000000000000f,</div>
<div class="line"><a name="l00073"></a><span class="lineno">   73</span>&#160;              0.000000000000000f,  0.000000000000000f,  0.000019468536748f,  -0.000000000000000f,  -0.000000000000000f,  0.000000000000000f,  0.000000000000000f,  -0.000000000000000f,  0.000000000000000f,  0.000000000000000f,  0.000000000000000f,  -0.000000000000000f,  0.000000000000000f,  0.000000000000000f,  0.000000000000000f,  -0.000000000000000f,  0.000000000000000f,</div>
<div class="line"><a name="l00074"></a><span class="lineno">   74</span>&#160;              0.000000000000000f,  0.000000000000000f,  0.000000000000000f,  0.000000000000000f,  0.000000000000000f, -236.870505626144560f, -20.483984096064265f,  0.000000000000000f, -20.483984096064265f,  -0.000000000000000f, -18.528523138024930f,  0.000000000000000f, -18.528523138024930f,  -0.000000000000000f,  18.501843345282207f,  0.000000000000000f,  18.501843345282207f,</div>
<div class="line"><a name="l00075"></a><span class="lineno">   75</span>&#160;              0.000000000000000f,  0.000000000000000f,  0.000000000000000f,  0.000000000000000f,  0.000000000000000f, -20.483984096064265f, -236.870505626144560f,  0.000000000000000f, -236.870505626144560f, -18.528523138024930f,  -0.000000000000000f,  0.000000000000000f,  -0.000000000000000f,  18.501843345282207f,  -0.000000000000000f,  0.000000000000000f,  -0.000000000000000f,</div>
<div class="line"><a name="l00076"></a><span class="lineno">   76</span>&#160;              0.000000000000000f,  0.000000000000000f,  0.006607088473577f,  -0.000000000000000f,  -0.000000000000000f,  0.000000000000000f,  0.000000000000000f, -236.870505626144560f,  0.000000000000000f,  0.000000000000000f,  0.000000000000000f,  -0.000000000000000f,  0.000000000000000f,  0.000000000000000f,  0.000000000000000f,  -0.000000000000000f,  0.000000000000000f,</div>
<div class="line"><a name="l00077"></a><span class="lineno">   77</span>&#160;              0.000000000000000f,  0.000000000000000f,  0.000000000000000f,  0.000000000000000f,  0.000000000000000f, -20.483984096064265f, -236.870505626144560f,  0.000000000000000f, -236.870505626144560f, -18.528523138024930f,  -0.000000000000000f,  0.000000000000000f,  -0.000000000000000f,  18.501843345282207f,  -0.000000000000000f,  0.000000000000000f,  -0.000000000000000f,</div>
<div class="line"><a name="l00078"></a><span class="lineno">   78</span>&#160;              0.000000000000000f,  0.000000000000000f,  0.000000000000000f,  0.000000000000000f,  0.000000000000000f,  -0.000000000000000f, -18.528523138024930f,  0.000000000000000f, -18.528523138024930f, -236.870505626144560f, -12.279903025374734f,  0.000000000000000f, -12.279903025374734f,  -0.000000000000000f,  14.853708333642516f,  0.000000000000000f,  14.853708333642516f,</div>
<div class="line"><a name="l00079"></a><span class="lineno">   79</span>&#160;              0.000000000000000f,  0.000000000000000f,  0.000000000000000f,  0.000000000000000f,  0.000000000000000f, -18.528523138024930f,  -0.000000000000000f,  0.000000000000000f,  -0.000000000000000f, -12.279903025374734f, -236.870505626144560f,  0.000000000000000f, -236.870505626144560f,  14.853708333642516f,  -0.000000000000000f,  0.000000000000000f,  -0.000000000000000f,</div>
<div class="line"><a name="l00080"></a><span class="lineno">   80</span>&#160;              0.000000000000000f,  0.000000000000000f,  0.002729567071714f,  -0.000000000000000f,  -0.000000000000000f,  0.000000000000000f,  0.000000000000000f,  -0.000000000000000f,  0.000000000000000f,  0.000000000000000f,  0.000000000000000f, -236.870505626144560f,  0.000000000000000f,  0.000000000000000f,  0.000000000000000f,  -0.000000000000000f,  0.000000000000000f,</div>
<div class="line"><a name="l00081"></a><span class="lineno">   81</span>&#160;              0.000000000000000f,  0.000000000000000f,  0.000000000000000f,  0.000000000000000f,  0.000000000000000f, -18.528523138024930f,  -0.000000000000000f,  0.000000000000000f,  -0.000000000000000f, -12.279903025374734f, -236.870505626144560f,  0.000000000000000f, -236.870505626144560f,  14.853708333642516f,  -0.000000000000000f,  0.000000000000000f,  -0.000000000000000f,</div>
<div class="line"><a name="l00082"></a><span class="lineno">   82</span>&#160;              0.000000000000000f,  0.000000000000000f,  0.000000000000000f,  0.000000000000000f,  0.000000000000000f,  -0.000000000000000f,  18.501843345282207f,  0.000000000000000f,  18.501843345282207f,  -0.000000000000000f,  14.853708333642516f,  0.000000000000000f,  14.853708333642516f, -236.870505626144560f, -12.237095556461751f,  0.000000000000000f, -12.237095556461751f,</div>
<div class="line"><a name="l00083"></a><span class="lineno">   83</span>&#160;              0.000000000000000f,  0.000000000000000f,  0.000000000000000f,  0.000000000000000f,  0.000000000000000f,  18.501843345282207f,  -0.000000000000000f,  0.000000000000000f,  -0.000000000000000f,  14.853708333642516f,  -0.000000000000000f,  0.000000000000000f,  -0.000000000000000f, -12.237095556461751f, -236.870505626144560f,  0.000000000000000f, -236.870505626144560f,</div>
<div class="line"><a name="l00084"></a><span class="lineno">   84</span>&#160;              0.000000000000000f,  0.000000000000000f,  0.001378119783555f,  -0.000000000000000f,  -0.000000000000000f,  0.000000000000000f,  0.000000000000000f,  -0.000000000000000f,  0.000000000000000f,  0.000000000000000f,  0.000000000000000f,  -0.000000000000000f,  0.000000000000000f,  0.000000000000000f,  0.000000000000000f, -236.870505626144560f,  0.000000000000000f,</div>
<div class="line"><a name="l00085"></a><span class="lineno">   85</span>&#160;              0.000000000000000f,  0.000000000000000f,  0.000000000000000f,  0.000000000000000f,  0.000000000000000f,  18.501843345282207f,  -0.000000000000000f,  0.000000000000000f,  -0.000000000000000f,  14.853708333642516f,  -0.000000000000000f,  0.000000000000000f,  -0.000000000000000f, -12.237095556461751f, -236.870505626144560f,  0.000000000000000f, -236.870505626144560f;</div>
<div class="line"><a name="l00086"></a><span class="lineno">   86</span>&#160;</div>
<div class="line"><a name="l00087"></a><span class="lineno">   87</span>&#160;    <span class="comment">// Actual value</span></div>
<div class="line"><a name="l00088"></a><span class="lineno">   88</span>&#160;    MatrixPtr pK2 = <a class="code" href="classGP_1_1CovSparseisoDerObs.html">CovSparseisoDerObs&lt;TestType&gt;::K</a>(logHyp, derivativeTrainingData, 0);</div>
<div class="line"><a name="l00089"></a><span class="lineno">   89</span>&#160;</div>
<div class="line"><a name="l00090"></a><span class="lineno">   90</span>&#160;    <span class="comment">// Test</span></div>
<div class="line"><a name="l00091"></a><span class="lineno">   91</span>&#160;    <a class="code" href="classTEST__MACRO.html#a30a45fa7c6788a2362e8cf497d3c1805">TEST_MACRO::COMPARE</a>(K1, *pK2, __FILE__, __LINE__);</div>
<div class="line"><a name="l00092"></a><span class="lineno">   92</span>&#160;}</div>
<div class="line"><a name="l00093"></a><span class="lineno">   93</span>&#160;</div>
<div class="line"><a name="l00095"></a><span class="lineno"><a class="line" href="TestcaseCovSparseisoDerObs_8hpp.html#a799d4f1ba385d8d8529cc72b8346b4d1">   95</a></span>&#160;<a class="code" href="TestcaseCovSparseisoDerObs_8hpp.html#a03cd01326a3a62e9eba8c2b07021c507">TEST_F</a>(<a class="code" href="classTestCaseCovSparseisoDerObs.html">TestCaseCovSparseisoDerObs</a>, dKdlogsigmafTest)</div>
<div class="line"><a name="l00096"></a><span class="lineno">   96</span>&#160;{</div>
<div class="line"><a name="l00097"></a><span class="lineno">   97</span>&#160;    <span class="comment">// Expected value</span></div>
<div class="line"><a name="l00098"></a><span class="lineno">   98</span>&#160;    Matrix K1(17, 17);</div>
<div class="line"><a name="l00099"></a><span class="lineno">   99</span>&#160;    K1 &lt;&lt;  4.500000000000000f,  0.000000000000000f,  0.000000000000000f,  0.000000000000000f,  0.000000000000000f,  0.000000000000000f,  0.000000000000000f,  0.000000000000000f,  0.000000000000000f,  0.000000000000000f,  0.000000000000000f,  0.000000000000000f,  0.000000000000000f,  0.000000000000000f,  0.000000000000000f,  0.000000000000000f,  0.000000000000000f,</div>
<div class="line"><a name="l00100"></a><span class="lineno">  100</span>&#160;             0.000000000000000f,  4.500000000000000f,  0.000000000000000f,  0.000000000000000f,  0.000000000000000f,  0.000000000000000f,  0.000000000000000f,  0.000000000000000f,  0.000000000000000f,  0.000000000000000f,  0.000000000000000f,  0.000000000000000f,  0.000000000000000f,  0.000000000000000f,  0.000000000000000f,  0.000000000000000f,  0.000000000000000f,</div>
<div class="line"><a name="l00101"></a><span class="lineno">  101</span>&#160;             0.000000000000000f,  0.000000000000000f,  4.500000000000000f,  0.000000169247307f,  0.000000169247307f,  0.000000000000000f,  0.000000000000000f,  0.000072208139445f,  0.000000000000000f,  0.000000000000000f,  0.000000000000000f,  0.000029831136745f,  0.000000000000000f,  0.000000000000000f,  0.000000000000000f,  0.000015061318749f,  0.000000000000000f,</div>
<div class="line"><a name="l00102"></a><span class="lineno">  102</span>&#160;             0.000000000000000f,  0.000000000000000f,  0.000000169247307f,  4.500000000000000f,  4.500000000000000f,  0.000000000000000f,  0.000000000000000f,  0.000000000000000f,  0.000000000000000f,  0.000000000000000f,  0.000000000000000f,  0.000000000000000f,  0.000000000000000f,  0.000000000000000f,  0.000000000000000f,  0.000000000000000f,  0.000000000000000f,</div>
<div class="line"><a name="l00103"></a><span class="lineno">  103</span>&#160;             0.000000000000000f,  0.000000000000000f,  0.000000169247307f,  4.500000000000000f,  4.500000000000000f,  0.000000000000000f,  0.000000000000000f,  0.000000000000000f,  0.000000000000000f,  0.000000000000000f,  0.000000000000000f,  0.000000000000000f,  0.000000000000000f,  0.000000000000000f,  0.000000000000000f,  0.000000000000000f,  0.000000000000000f,</div>
<div class="line"><a name="l00104"></a><span class="lineno">  104</span>&#160;             0.000000000000000f,  0.000000000000000f,  0.000000000000000f,  0.000000000000000f,  0.000000000000000f,  236.870505626144560f, -2.245316079825227f,  0.000000000000000f, -2.245316079825227f,  0.000000000000000f, -1.956261878176179f,  0.000000000000000f, -1.956261878176179f,  0.000000000000000f,  1.953444996276233f,  0.000000000000000f,  1.953444996276233f,</div>
<div class="line"><a name="l00105"></a><span class="lineno">  105</span>&#160;             0.000000000000000f,  0.000000000000000f,  0.000000000000000f,  0.000000000000000f,  0.000000000000000f, -2.245316079825227f,  236.870505626144560f,  0.000000000000000f,  236.870505626144560f, -1.956261878176179f,  0.000000000000000f,  0.000000000000000f,  0.000000000000000f,  1.953444996276233f,  0.000000000000000f,  0.000000000000000f,  0.000000000000000f,</div>
<div class="line"><a name="l00106"></a><span class="lineno">  106</span>&#160;             0.000000000000000f,  0.000000000000000f,  0.000072208139445f,  0.000000000000000f,  0.000000000000000f,  0.000000000000000f,  0.000000000000000f,  236.870505626144560f,  0.000000000000000f,  0.000000000000000f,  0.000000000000000f,  0.000000000000000f,  0.000000000000000f,  0.000000000000000f,  0.000000000000000f,  0.000000000000000f,  0.000000000000000f,</div>
<div class="line"><a name="l00107"></a><span class="lineno">  107</span>&#160;             0.000000000000000f,  0.000000000000000f,  0.000000000000000f,  0.000000000000000f,  0.000000000000000f, -2.245316079825227f,  236.870505626144560f,  0.000000000000000f,  236.870505626144560f, -1.956261878176179f,  0.000000000000000f,  0.000000000000000f,  0.000000000000000f,  1.953444996276233f,  0.000000000000000f,  0.000000000000000f,  0.000000000000000f,</div>
<div class="line"><a name="l00108"></a><span class="lineno">  108</span>&#160;             0.000000000000000f,  0.000000000000000f,  0.000000000000000f,  0.000000000000000f,  0.000000000000000f,  0.000000000000000f, -1.956261878176179f,  0.000000000000000f, -1.956261878176179f,  236.870505626144560f, -1.379120165315468f,  0.000000000000000f, -1.379120165315468f,  0.000000000000000f,  1.568270884095413f,  0.000000000000000f,  1.568270884095413f,</div>
<div class="line"><a name="l00109"></a><span class="lineno">  109</span>&#160;             0.000000000000000f,  0.000000000000000f,  0.000000000000000f,  0.000000000000000f,  0.000000000000000f, -1.956261878176179f,  0.000000000000000f,  0.000000000000000f,  0.000000000000000f, -1.379120165315468f,  236.870505626144560f,  0.000000000000000f,  236.870505626144560f,  1.568270884095413f,  0.000000000000000f,  0.000000000000000f,  0.000000000000000f,</div>
<div class="line"><a name="l00110"></a><span class="lineno">  110</span>&#160;             0.000000000000000f,  0.000000000000000f,  0.000029831136745f,  0.000000000000000f,  0.000000000000000f,  0.000000000000000f,  0.000000000000000f,  0.000000000000000f,  0.000000000000000f,  0.000000000000000f,  0.000000000000000f,  236.870505626144560f,  0.000000000000000f,  0.000000000000000f,  0.000000000000000f,  0.000000000000000f,  0.000000000000000f,</div>
<div class="line"><a name="l00111"></a><span class="lineno">  111</span>&#160;             0.000000000000000f,  0.000000000000000f,  0.000000000000000f,  0.000000000000000f,  0.000000000000000f, -1.956261878176179f,  0.000000000000000f,  0.000000000000000f,  0.000000000000000f, -1.379120165315468f,  236.870505626144560f,  0.000000000000000f,  236.870505626144560f,  1.568270884095413f,  0.000000000000000f,  0.000000000000000f,  0.000000000000000f,</div>
<div class="line"><a name="l00112"></a><span class="lineno">  112</span>&#160;             0.000000000000000f,  0.000000000000000f,  0.000000000000000f,  0.000000000000000f,  0.000000000000000f,  0.000000000000000f,  1.953444996276233f,  0.000000000000000f,  1.953444996276233f,  0.000000000000000f,  1.568270884095413f,  0.000000000000000f,  1.568270884095413f,  236.870505626144560f, -1.374600505604229f,  0.000000000000000f, -1.374600505604229f,</div>
<div class="line"><a name="l00113"></a><span class="lineno">  113</span>&#160;             0.000000000000000f,  0.000000000000000f,  0.000000000000000f,  0.000000000000000f,  0.000000000000000f,  1.953444996276233f,  0.000000000000000f,  0.000000000000000f,  0.000000000000000f,  1.568270884095413f,  0.000000000000000f,  0.000000000000000f,  0.000000000000000f, -1.374600505604229f,  236.870505626144560f,  0.000000000000000f,  236.870505626144560f,</div>
<div class="line"><a name="l00114"></a><span class="lineno">  114</span>&#160;             0.000000000000000f,  0.000000000000000f,  0.000015061318749f,  0.000000000000000f,  0.000000000000000f,  0.000000000000000f,  0.000000000000000f,  0.000000000000000f,  0.000000000000000f,  0.000000000000000f,  0.000000000000000f,  0.000000000000000f,  0.000000000000000f,  0.000000000000000f,  0.000000000000000f,  236.870505626144560f,  0.000000000000000f,</div>
<div class="line"><a name="l00115"></a><span class="lineno">  115</span>&#160;             0.000000000000000f,  0.000000000000000f,  0.000000000000000f,  0.000000000000000f,  0.000000000000000f,  1.953444996276233f,  0.000000000000000f,  0.000000000000000f,  0.000000000000000f,  1.568270884095413f,  0.000000000000000f,  0.000000000000000f,  0.000000000000000f, -1.374600505604229f,  236.870505626144560f,  0.000000000000000f,  236.870505626144560f;</div>
<div class="line"><a name="l00116"></a><span class="lineno">  116</span>&#160;</div>
<div class="line"><a name="l00117"></a><span class="lineno">  117</span>&#160;    <span class="comment">// Actual value</span></div>
<div class="line"><a name="l00118"></a><span class="lineno">  118</span>&#160;    MatrixPtr pK2 = <a class="code" href="classGP_1_1CovSparseisoDerObs.html">CovSparseisoDerObs&lt;TestType&gt;::K</a>(logHyp, derivativeTrainingData, 1);</div>
<div class="line"><a name="l00119"></a><span class="lineno">  119</span>&#160;</div>
<div class="line"><a name="l00120"></a><span class="lineno">  120</span>&#160;    <span class="comment">// Test</span></div>
<div class="line"><a name="l00121"></a><span class="lineno">  121</span>&#160;    <a class="code" href="classTEST__MACRO.html#a30a45fa7c6788a2362e8cf497d3c1805">TEST_MACRO::COMPARE</a>(K1, *pK2, __FILE__, __LINE__);</div>
<div class="line"><a name="l00122"></a><span class="lineno">  122</span>&#160;}</div>
<div class="line"><a name="l00123"></a><span class="lineno">  123</span>&#160;</div>
<div class="line"><a name="l00125"></a><span class="lineno"><a class="line" href="TestcaseCovSparseisoDerObs_8hpp.html#aaef17f89430e0224c2cddfe779252939">  125</a></span>&#160;<a class="code" href="TestcaseCovSparseisoDerObs_8hpp.html#a03cd01326a3a62e9eba8c2b07021c507">TEST_F</a>(<a class="code" href="classTestCaseCovSparseisoDerObs.html">TestCaseCovSparseisoDerObs</a>, KsTest)</div>
<div class="line"><a name="l00126"></a><span class="lineno">  126</span>&#160;{</div>
<div class="line"><a name="l00127"></a><span class="lineno">  127</span>&#160;    <span class="comment">// Expected value</span></div>
<div class="line"><a name="l00128"></a><span class="lineno">  128</span>&#160;    Matrix Ks1(17, 3);</div>
<div class="line"><a name="l00129"></a><span class="lineno">  129</span>&#160;    Ks1 &lt;&lt; 0.000000000000000f,  0.000000000000000f,  0.000000000000000f,</div>
<div class="line"><a name="l00130"></a><span class="lineno">  130</span>&#160;             0.000000000000000f,  0.000000000000000f,  0.000000000000000f,</div>
<div class="line"><a name="l00131"></a><span class="lineno">  131</span>&#160;             0.000000258242034f,  0.000000084623653f,  0.000000000000000f,</div>
