<!DOCTYPE html PUBLIC "-//W3C//DTD XHTML 1.0 Transitional//EN" "http://www.w3.org/TR/xhtml1/DTD/xhtml1-transitional.dtd">
<html xmlns="http://www.w3.org/1999/xhtml">
<head>
<meta http-equiv="Content-Type" content="text/xhtml;charset=UTF-8"/>
<meta http-equiv="X-UA-Compatible" content="IE=9"/>
<meta name="generator" content="Doxygen 1.8.7"/>
<title>OpenGP: TestcaseCovMaternisoDerObs.hpp Source File</title>
<link href="tabs.css" rel="stylesheet" type="text/css"/>
<script type="text/javascript" src="jquery.js"></script>
<script type="text/javascript" src="dynsections.js"></script>
<link href="navtree.css" rel="stylesheet" type="text/css"/>
<script type="text/javascript" src="resize.js"></script>
<script type="text/javascript" src="navtree.js"></script>
<script type="text/javascript">
  $(document).ready(initResizable);
  $(window).load(resizeHeight);
</script>
<link href="search/search.css" rel="stylesheet" type="text/css"/>
<script type="text/javascript" src="search/search.js"></script>
<script type="text/javascript">
  $(document).ready(function() { searchBox.OnSelectItem(0); });
</script>
<script type="text/x-mathjax-config">
  MathJax.Hub.Config({
    extensions: ["tex2jax.js"],
    jax: ["input/TeX","output/HTML-CSS"],
});
</script><script src="http://cdn.mathjax.org/mathjax/latest/MathJax.js"></script>
<link href="doxygen.css" rel="stylesheet" type="text/css" />
</head>
<body>
<div id="top"><!-- do not remove this div, it is closed by doxygen! -->
<div id="titlearea">
<table cellspacing="0" cellpadding="0">
 <tbody>
 <tr style="height: 56px;">
  <td style="padding-left: 0.5em;">
   <div id="projectname">OpenGP
   &#160;<span id="projectnumber">1.0</span>
   </div>
  </td>
 </tr>
 </tbody>
</table>
</div>
<!-- end header part -->
<!-- Generated by Doxygen 1.8.7 -->
<script type="text/javascript">
var searchBox = new SearchBox("searchBox", "search",false,'Search');
</script>
  <div id="navrow1" class="tabs">
    <ul class="tablist">
      <li><a href="index.html"><span>Main&#160;Page</span></a></li>
      <li><a href="pages.html"><span>Related&#160;Pages</span></a></li>
      <li><a href="modules.html"><span>Modules</span></a></li>
      <li><a href="namespaces.html"><span>Namespaces</span></a></li>
      <li><a href="annotated.html"><span>Classes</span></a></li>
      <li class="current"><a href="files.html"><span>Files</span></a></li>
      <li>
        <div id="MSearchBox" class="MSearchBoxInactive">
        <span class="left">
          <img id="MSearchSelect" src="search/mag_sel.png"
               onmouseover="return searchBox.OnSearchSelectShow()"
               onmouseout="return searchBox.OnSearchSelectHide()"
               alt=""/>
          <input type="text" id="MSearchField" value="Search" accesskey="S"
               onfocus="searchBox.OnSearchFieldFocus(true)" 
               onblur="searchBox.OnSearchFieldFocus(false)" 
               onkeyup="searchBox.OnSearchFieldChange(event)"/>
          </span><span class="right">
            <a id="MSearchClose" href="javascript:searchBox.CloseResultsWindow()"><img id="MSearchCloseImg" border="0" src="search/close.png" alt=""/></a>
          </span>
        </div>
      </li>
    </ul>
  </div>
  <div id="navrow2" class="tabs2">
    <ul class="tablist">
      <li><a href="files.html"><span>File&#160;List</span></a></li>
      <li><a href="globals.html"><span>File&#160;Members</span></a></li>
    </ul>
  </div>
</div><!-- top -->
<div id="side-nav" class="ui-resizable side-nav-resizable">
  <div id="nav-tree">
    <div id="nav-tree-contents">
      <div id="nav-sync" class="sync"></div>
    </div>
  </div>
  <div id="splitbar" style="-moz-user-select:none;" 
       class="ui-resizable-handle">
  </div>
</div>
<script type="text/javascript">
$(document).ready(function(){initNavTree('TestcaseCovMaternisoDerObs_8hpp_source.html','');});
</script>
<div id="doc-content">
<!-- window showing the filter options -->
<div id="MSearchSelectWindow"
     onmouseover="return searchBox.OnSearchSelectShow()"
     onmouseout="return searchBox.OnSearchSelectHide()"
     onkeydown="return searchBox.OnSearchSelectKey(event)">
<a class="SelectItem" href="javascript:void(0)" onclick="searchBox.OnSelectItem(0)"><span class="SelectionMark">&#160;</span>All</a><a class="SelectItem" href="javascript:void(0)" onclick="searchBox.OnSelectItem(1)"><span class="SelectionMark">&#160;</span>Classes</a><a class="SelectItem" href="javascript:void(0)" onclick="searchBox.OnSelectItem(2)"><span class="SelectionMark">&#160;</span>Namespaces</a><a class="SelectItem" href="javascript:void(0)" onclick="searchBox.OnSelectItem(3)"><span class="SelectionMark">&#160;</span>Files</a><a class="SelectItem" href="javascript:void(0)" onclick="searchBox.OnSelectItem(4)"><span class="SelectionMark">&#160;</span>Functions</a><a class="SelectItem" href="javascript:void(0)" onclick="searchBox.OnSelectItem(5)"><span class="SelectionMark">&#160;</span>Variables</a><a class="SelectItem" href="javascript:void(0)" onclick="searchBox.OnSelectItem(6)"><span class="SelectionMark">&#160;</span>Typedefs</a><a class="SelectItem" href="javascript:void(0)" onclick="searchBox.OnSelectItem(7)"><span class="SelectionMark">&#160;</span>Macros</a><a class="SelectItem" href="javascript:void(0)" onclick="searchBox.OnSelectItem(8)"><span class="SelectionMark">&#160;</span>Groups</a><a class="SelectItem" href="javascript:void(0)" onclick="searchBox.OnSelectItem(9)"><span class="SelectionMark">&#160;</span>Pages</a></div>

<!-- iframe showing the search results (closed by default) -->
<div id="MSearchResultsWindow">
<iframe src="javascript:void(0)" frameborder="0" 
        name="MSearchResults" id="MSearchResults">
</iframe>
</div>

<div class="header">
  <div class="headertitle">
<div class="title">TestcaseCovMaternisoDerObs.hpp</div>  </div>
</div><!--header-->
<div class="contents">
<a href="TestcaseCovMaternisoDerObs_8hpp.html">Go to the documentation of this file.</a><div class="fragment"><div class="line"><a name="l00001"></a><span class="lineno">    1</span>&#160;<span class="preprocessor">#ifndef _TEST_CASE_COVARIANCE_FUNCTION_MATERN_ISO_WIDE_DERIVATIVE_OBSERVATIONS_HPP_</span></div>
<div class="line"><a name="l00002"></a><span class="lineno">    2</span>&#160;<span class="preprocessor">#define _TEST_CASE_COVARIANCE_FUNCTION_MATERN_ISO_WIDE_DERIVATIVE_OBSERVATIONS_HPP_</span></div>
<div class="line"><a name="l00003"></a><span class="lineno">    3</span>&#160;</div>
<div class="line"><a name="l00004"></a><span class="lineno">    4</span>&#160;<span class="preprocessor">#include &quot;<a class="code" href="TestDerivativeDataSetting_8hpp.html">TestDerivativeDataSetting.hpp</a>&quot;</span></div>
<div class="line"><a name="l00005"></a><span class="lineno">    5</span>&#160;<span class="preprocessor">#include &lt;fstream&gt;</span></div>
<div class="line"><a name="l00006"></a><span class="lineno">    6</span>&#160;</div>
<div class="line"><a name="l00015"></a><span class="lineno"><a class="line" href="classTestCaseCovMaternisoDerObs.html">   15</a></span>&#160;<span class="keyword">class </span><a class="code" href="classTestCaseCovMaternisoDerObs.html">TestCaseCovMaternisoDerObs</a> : <span class="keyword">public</span> <a class="code" href="classTestDerivativeDataSetting.html">TestDerivativeDataSetting</a></div>
<div class="line"><a name="l00016"></a><span class="lineno">   16</span>&#160;{</div>
<div class="line"><a name="l00017"></a><span class="lineno">   17</span>&#160;<span class="keyword">protected</span>:</div>
<div class="line"><a name="l00019"></a><span class="lineno"><a class="line" href="classTestCaseCovMaternisoDerObs.html#aea0e50a246f1357cb182fe75b71fb31a">   19</a></span>&#160;    <span class="keyword">virtual</span> <span class="keywordtype">void</span> <a class="code" href="classTestCaseCovMaternisoDerObs.html#aea0e50a246f1357cb182fe75b71fb31a">SetUp</a>()</div>
<div class="line"><a name="l00020"></a><span class="lineno">   20</span>&#160;    {</div>
<div class="line"><a name="l00021"></a><span class="lineno">   21</span>&#160;        <span class="comment">// Call the parent set up.</span></div>
<div class="line"><a name="l00022"></a><span class="lineno">   22</span>&#160;        <a class="code" href="classTestDerivativeDataSetting.html#a2633c0742369a8697522889ab52a9e0f">TestDerivativeDataSetting::SetUp</a>();</div>
<div class="line"><a name="l00023"></a><span class="lineno">   23</span>&#160;</div>
<div class="line"><a name="l00024"></a><span class="lineno">   24</span>&#160;        <span class="comment">// Set the hyperparameters.</span></div>
<div class="line"><a name="l00025"></a><span class="lineno">   25</span>&#160;        <a class="code" href="classTestCaseCovMaternisoDerObs.html#a77d6c055b7b030488b76ff3a0f5f3db0">logHyp</a>(0) = log(<a class="code" href="classTestFunctionDataSetting.html#a976f555da4b2870e5ed766f5a5a41d7a">ell</a>);</div>
<div class="line"><a name="l00026"></a><span class="lineno">   26</span>&#160;        <a class="code" href="classTestCaseCovMaternisoDerObs.html#a77d6c055b7b030488b76ff3a0f5f3db0">logHyp</a>(1) = log(<a class="code" href="classTestFunctionDataSetting.html#a2551daf8cd8f0a8bdd1bd15b815d1f82">sigma_f</a>);</div>
<div class="line"><a name="l00027"></a><span class="lineno">   27</span>&#160;    }</div>
<div class="line"><a name="l00028"></a><span class="lineno">   28</span>&#160;</div>
<div class="line"><a name="l00029"></a><span class="lineno">   29</span>&#160;<span class="keyword">protected</span>:</div>
<div class="line"><a name="l00031"></a><span class="lineno"><a class="line" href="classTestCaseCovMaternisoDerObs.html#a77d6c055b7b030488b76ff3a0f5f3db0">   31</a></span>&#160;    <a class="code" href="classGP_1_1CovMaternisoDerObs.html">CovMaternisoDerObs&lt;TestType&gt;::Hyp</a> <a class="code" href="classTestCaseCovMaternisoDerObs.html#a77d6c055b7b030488b76ff3a0f5f3db0">logHyp</a>;</div>
<div class="line"><a name="l00032"></a><span class="lineno">   32</span>&#160;};</div>
<div class="line"><a name="l00033"></a><span class="lineno">   33</span>&#160;</div>
<div class="line"><a name="l00035"></a><span class="lineno"><a class="line" href="TestcaseCovMaternisoDerObs_8hpp.html#ab580c9cde315e24f6cf8b9acf8f26d17">   35</a></span>&#160;<a class="code" href="TestcaseCovMaternisoDerObs_8hpp.html#ab580c9cde315e24f6cf8b9acf8f26d17">TEST_F</a>(<a class="code" href="classTestCaseCovMaternisoDerObs.html">TestCaseCovMaternisoDerObs</a>, KTest)</div>
<div class="line"><a name="l00036"></a><span class="lineno">   36</span>&#160;{</div>
<div class="line"><a name="l00037"></a><span class="lineno">   37</span>&#160;    <span class="comment">// Expected value</span></div>
<div class="line"><a name="l00038"></a><span class="lineno">   38</span>&#160;    Matrix K1(17, 17);</div>
<div class="line"><a name="l00039"></a><span class="lineno">   39</span>&#160;    K1 &lt;&lt;  2.250000000000000f,  0.945903145706138f,  0.820140300147686f,  0.518379208154154f,  0.518379208154154f, -0.070248528146921f,  0.287032941082086f,  1.144693244451851f,  0.287032941082086f, -0.945791389346269f, -0.731912134487307f, -0.627070332515083f, -0.731912134487307f, -0.454543084523379f, -0.782868273326437f,  0.220327091841839f, -0.782868273326437f,</div>
<div class="line"><a name="l00040"></a><span class="lineno">   40</span>&#160;             0.945903145706138f,  2.250000000000000f,  0.717445827143238f,  0.842397675075848f,  0.842397675075848f, -0.517845318067194f, -0.599934936345073f,  0.740483301607387f, -0.599934936345073f, -0.771935499960762f, -1.389005471559554f, -1.162636438120254f, -1.389005471559554f, -0.085419226298868f, -0.794156886981196f,  1.425519646063060f, -0.794156886981196f,</div>
<div class="line"><a name="l00041"></a><span class="lineno">   41</span>&#160;             0.820140300147686f,  0.717445827143238f,  2.250000000000000f,  1.113145531082548f,  1.113145531082548f, -1.092861922295394f, -0.070587851743076f,  2.201064848412299f, -0.070587851743076f, -0.866136520699639f, -0.047994474191143f,  0.909319461508675f, -0.047994474191143f, -1.501963782594417f, -1.779093360157565f,  0.459102526720465f, -1.779093360157565f,</div>
<div class="line"><a name="l00042"></a><span class="lineno">   42</span>&#160;             0.518379208154154f,  0.842397675075848f,  1.113145531082548f,  2.250000000000000f,  2.250000000000000f, -0.594155468569309f, -0.530791245643619f,  0.000000000000000f, -0.530791245643619f, -0.339291472934476f, -0.227257147261031f,  0.000000000000000f, -0.227257147261031f, -0.412225177946828f, -0.857667480911376f,  0.000000000000000f, -0.857667480911376f,</div>
<div class="line"><a name="l00043"></a><span class="lineno">   43</span>&#160;             0.518379208154154f,  0.842397675075848f,  1.113145531082548f,  2.250000000000000f,  2.250000000000000f, -0.594155468569309f, -0.530791245643619f,  0.000000000000000f, -0.530791245643619f, -0.339291472934476f, -0.227257147261031f,  0.000000000000000f, -0.227257147261031f, -0.412225177946828f, -0.857667480911376f,  0.000000000000000f, -0.857667480911376f,</div>
<div class="line"><a name="l00044"></a><span class="lineno">   44</span>&#160;             -0.070248528146921f, -0.517845318067194f, -1.092861922295394f, -0.594155468569309f, -0.594155468569309f,  27.000000000000000f,  1.980377514588473f, -0.749935380242812f,  1.980377514588473f,  0.000000000000000f, -3.150524800391490f, -0.874238315954504f, -3.150524800391490f,  0.000000000000000f,  3.145988262423565f, -1.062163579430354f,  3.145988262423565f,</div>
<div class="line"><a name="l00045"></a><span class="lineno">   45</span>&#160;             0.287032941082086f, -0.599934936345073f, -0.070587851743076f, -0.530791245643619f, -0.530791245643619f,  1.980377514588473f,  27.000000000000000f,  0.183921958512266f,  27.000000000000000f, -3.150524800391490f,  0.000000000000000f, -0.404154488461174f,  0.000000000000000f,  3.145988262423565f,  0.000000000000000f, -1.525277273763264f,  0.000000000000000f,</div>
<div class="line"><a name="l00046"></a><span class="lineno">   46</span>&#160;             1.144693244451851f,  0.740483301607387f,  2.201064848412299f,  0.000000000000000f,  0.000000000000000f, -0.749935380242812f,  0.183921958512266f,  27.000000000000000f,  0.183921958512266f, -0.874238315954504f, -0.404154488461174f,  0.000000000000000f, -0.404154488461174f, -1.062163579430354f, -1.525277273763264f,  0.000000000000000f, -1.525277273763264f,</div>
<div class="line"><a name="l00047"></a><span class="lineno">   47</span>&#160;             0.287032941082086f, -0.599934936345073f, -0.070587851743076f, -0.530791245643619f, -0.530791245643619f,  1.980377514588473f,  27.000000000000000f,  0.183921958512266f,  27.000000000000000f, -3.150524800391490f,  0.000000000000000f, -0.404154488461174f,  0.000000000000000f,  3.145988262423565f,  0.000000000000000f, -1.525277273763264f,  0.000000000000000f,</div>
<div class="line"><a name="l00048"></a><span class="lineno">   48</span>&#160;             -0.945791389346269f, -0.771935499960762f, -0.866136520699639f, -0.339291472934476f, -0.339291472934476f,  0.000000000000000f, -3.150524800391490f, -0.874238315954504f, -3.150524800391490f,  27.000000000000000f,  3.375370557751488f,  0.281768152103641f,  3.375370557751488f,  0.000000000000000f,  2.525672237032427f, -0.606546711132797f,  2.525672237032427f,</div>
<div class="line"><a name="l00049"></a><span class="lineno">   49</span>&#160;             -0.731912134487307f, -1.389005471559554f, -0.047994474191143f, -0.227257147261031f, -0.227257147261031f, -3.150524800391490f,  0.000000000000000f, -0.404154488461174f,  0.000000000000000f,  3.375370557751488f,  27.000000000000000f,  0.954844104132812f,  27.000000000000000f,  2.525672237032427f,  0.000000000000000f, -0.653044233231860f,  0.000000000000000f,</div>
<div class="line"><a name="l00050"></a><span class="lineno">   50</span>&#160;             -0.627070332515083f, -1.162636438120254f,  0.909319461508675f,  0.000000000000000f,  0.000000000000000f, -0.874238315954504f, -0.404154488461174f,  0.000000000000000f, -0.404154488461174f,  0.281768152103641f,  0.954844104132812f,  27.000000000000000f,  0.954844104132812f, -0.606546711132797f, -0.653044233231860f,  0.000000000000000f, -0.653044233231860f,</div>
<div class="line"><a name="l00051"></a><span class="lineno">   51</span>&#160;             -0.731912134487307f, -1.389005471559554f, -0.047994474191143f, -0.227257147261031f, -0.227257147261031f, -3.150524800391490f,  0.000000000000000f, -0.404154488461174f,  0.000000000000000f,  3.375370557751488f,  27.000000000000000f,  0.954844104132812f,  27.000000000000000f,  2.525672237032427f,  0.000000000000000f, -0.653044233231860f,  0.000000000000000f,</div>
<div class="line"><a name="l00052"></a><span class="lineno">   52</span>&#160;             -0.454543084523379f, -0.085419226298868f, -1.501963782594417f, -0.412225177946828f, -0.412225177946828f,  0.000000000000000f,  3.145988262423565f, -1.062163579430354f,  3.145988262423565f,  0.000000000000000f,  2.525672237032427f, -0.606546711132797f,  2.525672237032427f,  27.000000000000000f,  3.382649388959333f,  0.044071165213277f,  3.382649388959333f,</div>
<div class="line"><a name="l00053"></a><span class="lineno">   53</span>&#160;             -0.782868273326437f, -0.794156886981196f, -1.779093360157565f, -0.857667480911376f, -0.857667480911376f,  3.145988262423565f,  0.000000000000000f, -1.525277273763264f,  0.000000000000000f,  2.525672237032427f,  0.000000000000000f, -0.653044233231860f,  0.000000000000000f,  3.382649388959333f,  27.000000000000000f, -1.336704091061321f,  27.000000000000000f,</div>
<div class="line"><a name="l00054"></a><span class="lineno">   54</span>&#160;             0.220327091841839f,  1.425519646063060f,  0.459102526720465f,  0.000000000000000f,  0.000000000000000f, -1.062163579430354f, -1.525277273763264f,  0.000000000000000f, -1.525277273763264f, -0.606546711132797f, -0.653044233231860f,  0.000000000000000f, -0.653044233231860f,  0.044071165213277f, -1.336704091061321f,  27.000000000000000f, -1.336704091061321f,</div>
<div class="line"><a name="l00055"></a><span class="lineno">   55</span>&#160;             -0.782868273326437f, -0.794156886981196f, -1.779093360157565f, -0.857667480911376f, -0.857667480911376f,  3.145988262423565f,  0.000000000000000f, -1.525277273763264f,  0.000000000000000f,  2.525672237032427f,  0.000000000000000f, -0.653044233231860f,  0.000000000000000f,  3.382649388959333f,  27.000000000000000f, -1.336704091061321f,  27.000000000000000f;</div>
<div class="line"><a name="l00056"></a><span class="lineno">   56</span>&#160;</div>
<div class="line"><a name="l00057"></a><span class="lineno">   57</span>&#160;    <span class="comment">// Actual value</span></div>
<div class="line"><a name="l00058"></a><span class="lineno">   58</span>&#160;    MatrixPtr pK2 = <a class="code" href="classGP_1_1CovMaternisoDerObs.html">CovMaternisoDerObs&lt;TestType&gt;::K</a>(logHyp, derivativeTrainingData);</div>
<div class="line"><a name="l00059"></a><span class="lineno">   59</span>&#160;</div>
<div class="line"><a name="l00060"></a><span class="lineno">   60</span>&#160;    <span class="comment">// Test</span></div>
<div class="line"><a name="l00061"></a><span class="lineno">   61</span>&#160;    <a class="code" href="classTEST__MACRO.html#a30a45fa7c6788a2362e8cf497d3c1805">TEST_MACRO::COMPARE</a>(K1, *pK2, __FILE__, __LINE__);</div>
<div class="line"><a name="l00062"></a><span class="lineno">   62</span>&#160;}</div>
<div class="line"><a name="l00063"></a><span class="lineno">   63</span>&#160;</div>
<div class="line"><a name="l00065"></a><span class="lineno"><a class="line" href="TestcaseCovMaternisoDerObs_8hpp.html#a0e1c48fa841eed91e5b1064cc5c96a28">   65</a></span>&#160;<a class="code" href="TestcaseCovMaternisoDerObs_8hpp.html#ab580c9cde315e24f6cf8b9acf8f26d17">TEST_F</a>(<a class="code" href="classTestCaseCovMaternisoDerObs.html">TestCaseCovMaternisoDerObs</a>, dKdlogellTest)</div>
<div class="line"><a name="l00066"></a><span class="lineno">   66</span>&#160;{</div>
<div class="line"><a name="l00067"></a><span class="lineno">   67</span>&#160;    <span class="comment">// Expected value</span></div>
<div class="line"><a name="l00068"></a><span class="lineno">   68</span>&#160;    Matrix K1(17, 17);</div>
<div class="line"><a name="l00069"></a><span class="lineno">   69</span>&#160;    K1 &lt;&lt;  0.000000000000000f,  1.217163707948694f,  1.210665552457046f,  1.071448917416644f,  1.071448917416644f, -0.080825057852219f,  0.307619618890702f,  0.920382446240606f,  0.307619618890702f, -1.088188546814318f, -0.784406594670530f, -0.504191432423029f, -0.784406594670530f, -0.522978517444403f, -0.839017427666706f,  0.177152428168279f, -0.839017427666706f,</div>
<div class="line"><a name="l00070"></a><span class="lineno">   70</span>&#160;             1.217163707948694f,  0.000000000000000f,  1.184529772356234f,  1.213780873349521f,  1.213780873349521f, -0.685191122741211f, -0.232834247747322f,  0.089148188516652f, -0.232834247747322f, -1.021392553815232f, -0.539071863455313f, -0.139972004955256f, -0.539071863455313f, -0.113023123951103f, -0.308211624580680f,  0.171621012743379f, -0.308211624580680f,</div>
<div class="line"><a name="l00071"></a><span class="lineno">   71</span>&#160;             1.210665552457046f,  1.184529772356234f,  0.000000000000000f,  1.186888686348668f,  1.186888686348668f, -0.062374207835915f, -0.022302227548366f, -0.670839738001976f, -0.022302227548366f, -0.049434039428261f, -0.015163851258302f, -0.277142052292824f, -0.015163851258302f, -0.085723364705389f, -0.562104441036671f, -0.139925099873073f, -0.562104441036671f,</div>
<div class="line"><a name="l00072"></a><span class="lineno">   72</span>&#160;             1.071448917416644f,  1.213780873349521f,  1.186888686348668f,  0.000000000000000f,  0.000000000000000f, -0.916791635692321f, -0.623942633287635f,  -0.000000000000000f, -0.623942633287635f, -0.523532309139674f, -0.267139716525556f,  -0.000000000000000f, -0.267139716525556f, -0.636070212521060f, -1.008184123074843f,  -0.000000000000000f, -1.008184123074843f,</div>
<div class="line"><a name="l00073"></a><span class="lineno">   73</span>&#160;             1.071448917416644f,  1.213780873349521f,  1.186888686348668f,  0.000000000000000f,  0.000000000000000f, -0.916791635692321f, -0.623942633287635f,  -0.000000000000000f, -0.623942633287635f, -0.523532309139674f, -0.267139716525556f,  -0.000000000000000f, -0.267139716525556f, -0.636070212521060f, -1.008184123074843f,  -0.000000000000000f, -1.008184123074843f,</div>
<div class="line"><a name="l00074"></a><span class="lineno">   74</span>&#160;             -0.080825057852219f, -0.685191122741211f, -0.062374207835915f, -0.916791635692321f, -0.916791635692321f, -54.000000000000000f,  2.973905910924679f,  0.373773245275823f,  2.973905910924679f,  -0.000000000000000f,  4.662490666027520f, -0.474725748280704f,  4.662490666027520f,  -0.000000000000000f, -4.655777001710735f, -0.576772249442139f, -4.655777001710735f,</div>
<div class="line"><a name="l00075"></a><span class="lineno">   75</span>&#160;             0.307619618890702f, -0.232834247747322f, -0.022302227548366f, -0.623942633287635f, -0.623942633287635f,  2.973905910924679f, -54.000000000000000f,  1.160159437888751f, -54.000000000000000f,  4.662490666027520f,  -0.000000000000000f, -0.070927227477283f,  -0.000000000000000f, -4.655777001710735f,  -0.000000000000000f, -0.267679046629048f,  -0.000000000000000f,</div>
<div class="line"><a name="l00076"></a><span class="lineno">   76</span>&#160;             0.920382446240606f,  0.089148188516652f, -0.670839738001976f,  -0.000000000000000f,  -0.000000000000000f,  0.373773245275823f,  1.160159437888751f, -54.000000000000000f,  1.160159437888751f, -0.474725748280704f, -0.070927227477283f,  -0.000000000000000f, -0.070927227477283f, -0.576772249442139f, -0.267679046629048f,  -0.000000000000000f, -0.267679046629048f,</div>
<div class="line"><a name="l00077"></a><span class="lineno">   77</span>&#160;             0.307619618890702f, -0.232834247747322f, -0.022302227548366f, -0.623942633287635f, -0.623942633287635f,  2.973905910924679f, -54.000000000000000f,  1.160159437888751f, -54.000000000000000f,  4.662490666027520f,  -0.000000000000000f, -0.070927227477283f,  -0.000000000000000f, -4.655777001710735f,  -0.000000000000000f, -0.267679046629048f,  -0.000000000000000f,</div>
<div class="line"><a name="l00078"></a><span class="lineno">   78</span>&#160;             -1.088188546814318f, -1.021392553815232f, -0.049434039428261f, -0.523532309139674f, -0.523532309139674f,  -0.000000000000000f,  4.662490666027520f, -0.474725748280704f,  4.662490666027520f, -54.000000000000000f,  0.909442859526808f,  0.934005189425139f,  0.909442859526808f,  -0.000000000000000f, -3.737765603097376f, -0.329364815125196f, -3.737765603097376f,</div>
<div class="line"><a name="l00079"></a><span class="lineno">   79</span>&#160;             -0.784406594670530f, -0.539071863455313f, -0.015163851258302f, -0.267139716525556f, -0.267139716525556f,  4.662490666027520f,  -0.000000000000000f, -0.070927227477283f,  -0.000000000000000f,  0.909442859526808f, -54.000000000000000f,  1.295452678347112f, -54.000000000000000f, -3.737765603097376f,  -0.000000000000000f, -0.114606216695806f,  -0.000000000000000f,</div>
<div class="line"><a name="l00080"></a><span class="lineno">   80</span>&#160;             -0.504191432423029f, -0.139972004955256f, -0.277142052292824f,  -0.000000000000000f,  -0.000000000000000f, -0.474725748280704f, -0.070927227477283f,  -0.000000000000000f, -0.070927227477283f,  0.934005189425139f,  1.295452678347112f, -54.000000000000000f,  1.295452678347112f, -0.329364815125196f, -0.114606216695806f,  -0.000000000000000f, -0.114606216695806f,</div>
<div class="line"><a name="l00081"></a><span class="lineno">   81</span>&#160;             -0.784406594670530f, -0.539071863455313f, -0.015163851258302f, -0.267139716525556f, -0.267139716525556f,  4.662490666027520f,  -0.000000000000000f, -0.070927227477283f,  -0.000000000000000f,  0.909442859526808f, -54.000000000000000f,  1.295452678347112f, -54.000000000000000f, -3.737765603097376f,  -0.000000000000000f, -0.114606216695806f,  -0.000000000000000f,</div>
<div class="line"><a name="l00082"></a><span class="lineno">   82</span>&#160;             -0.522978517444403f, -0.113023123951103f, -0.085723364705389f, -0.636070212521060f, -0.636070212521060f,  -0.000000000000000f, -4.655777001710735f, -0.576772249442139f, -4.655777001710735f,  -0.000000000000000f, -3.737765603097376f, -0.329364815125196f, -3.737765603097376f, -54.000000000000000f,  0.898670850189837f,  0.804931825896802f,  0.898670850189837f,</div>
<div class="line"><a name="l00083"></a><span class="lineno">   83</span>&#160;             -0.839017427666706f, -0.308211624580680f, -0.562104441036671f, -1.008184123074843f, -1.008184123074843f, -4.655777001710735f,  -0.000000000000000f, -0.267679046629048f,  -0.000000000000000f, -3.737765603097376f,  -0.000000000000000f, -0.114606216695806f,  -0.000000000000000f,  0.898670850189837f, -54.000000000000000f,  0.893296659408563f, -54.000000000000000f,</div>
<div class="line"><a name="l00084"></a><span class="lineno">   84</span>&#160;             0.177152428168279f,  0.171621012743379f, -0.139925099873073f,  -0.000000000000000f,  -0.000000000000000f, -0.576772249442139f, -0.267679046629048f,  -0.000000000000000f, -0.267679046629048f, -0.329364815125196f, -0.114606216695806f,  -0.000000000000000f, -0.114606216695806f,  0.804931825896802f,  0.893296659408563f, -54.000000000000000f,  0.893296659408563f,</div>
<div class="line"><a name="l00085"></a><span class="lineno">   85</span>&#160;             -0.839017427666706f, -0.308211624580680f, -0.562104441036671f, -1.008184123074843f, -1.008184123074843f, -4.655777001710735f,  -0.000000000000000f, -0.267679046629048f,  -0.000000000000000f, -3.737765603097376f,  -0.000000000000000f, -0.114606216695806f,  -0.000000000000000f,  0.898670850189837f, -54.000000000000000f,  0.893296659408563f, -54.000000000000000f;</div>
<div class="line"><a name="l00086"></a><span class="lineno">   86</span>&#160;</div>
<div class="line"><a name="l00087"></a><span class="lineno">   87</span>&#160;    <span class="comment">// Actual value</span></div>
<div class="line"><a name="l00088"></a><span class="lineno">   88</span>&#160;    MatrixPtr pK2 = <a class="code" href="classGP_1_1CovMaternisoDerObs.html">CovMaternisoDerObs&lt;TestType&gt;::K</a>(logHyp, derivativeTrainingData, 0);</div>
<div class="line"><a name="l00089"></a><span class="lineno">   89</span>&#160;</div>
<div class="line"><a name="l00090"></a><span class="lineno">   90</span>&#160;    <span class="comment">// Test</span></div>
<div class="line"><a name="l00091"></a><span class="lineno">   91</span>&#160;    <a class="code" href="classTEST__MACRO.html#a30a45fa7c6788a2362e8cf497d3c1805">TEST_MACRO::COMPARE</a>(K1, *pK2, __FILE__, __LINE__);</div>
<div class="line"><a name="l00092"></a><span class="lineno">   92</span>&#160;}</div>
<div class="line"><a name="l00093"></a><span class="lineno">   93</span>&#160;</div>
<div class="line"><a name="l00095"></a><span class="lineno"><a class="line" href="TestcaseCovMaternisoDerObs_8hpp.html#a07e277de70c7bf9fe8a6498e86d16c8b">   95</a></span>&#160;<a class="code" href="TestcaseCovMaternisoDerObs_8hpp.html#ab580c9cde315e24f6cf8b9acf8f26d17">TEST_F</a>(<a class="code" href="classTestCaseCovMaternisoDerObs.html">TestCaseCovMaternisoDerObs</a>, dKdlogsigmafTest)</div>
<div class="line"><a name="l00096"></a><span class="lineno">   96</span>&#160;{</div>
<div class="line"><a name="l00097"></a><span class="lineno">   97</span>&#160;    <span class="comment">// Expected value</span></div>
<div class="line"><a name="l00098"></a><span class="lineno">   98</span>&#160;    Matrix K1(17, 17);</div>
<div class="line"><a name="l00099"></a><span class="lineno">   99</span>&#160;    K1 &lt;&lt;  4.500000000000000f,  1.891806291412276f,  1.640280600295373f,  1.036758416308309f,  1.036758416308309f, -0.140497056293841f,  0.574065882164172f,  2.289386488903701f,  0.574065882164172f, -1.891582778692537f, -1.463824268974614f, -1.254140665030166f, -1.463824268974614f, -0.909086169046759f, -1.565736546652874f,  0.440654183683678f, -1.565736546652874f,</div>
<div class="line"><a name="l00100"></a><span class="lineno">  100</span>&#160;             1.891806291412276f,  4.500000000000000f,  1.434891654286475f,  1.684795350151696f,  1.684795350151696f, -1.035690636134389f, -1.199869872690146f,  1.480966603214774f, -1.199869872690146f, -1.543870999921524f, -2.778010943119108f, -2.325272876240508f, -2.778010943119108f, -0.170838452597736f, -1.588313773962392f,  2.851039292126120f, -1.588313773962392f,</div>
<div class="line"><a name="l00101"></a><span class="lineno">  101</span>&#160;             1.640280600295373f,  1.434891654286475f,  4.500000000000000f,  2.226291062165095f,  2.226291062165095f, -2.185723844590788f, -0.141175703486152f,  4.402129696824598f, -0.141175703486152f, -1.732273041399279f, -0.095988948382286f,  1.818638923017350f, -0.095988948382286f, -3.003927565188834f, -3.558186720315130f,  0.918205053440929f, -3.558186720315130f,</div>
<div class="line"><a name="l00102"></a><span class="lineno">  102</span>&#160;             1.036758416308309f,  1.684795350151696f,  2.226291062165095f,  4.500000000000000f,  4.500000000000000f, -1.188310937138618f, -1.061582491287239f,  0.000000000000000f, -1.061582491287239f, -0.678582945868953f, -0.454514294522061f,  0.000000000000000f, -0.454514294522061f, -0.824450355893655f, -1.715334961822752f,  0.000000000000000f, -1.715334961822752f,</div>
<div class="line"><a name="l00103"></a><span class="lineno">  103</span>&#160;             1.036758416308309f,  1.684795350151696f,  2.226291062165095f,  4.500000000000000f,  4.500000000000000f, -1.188310937138618f, -1.061582491287239f,  0.000000000000000f, -1.061582491287239f, -0.678582945868953f, -0.454514294522061f,  0.000000000000000f, -0.454514294522061f, -0.824450355893655f, -1.715334961822752f,  0.000000000000000f, -1.715334961822752f,</div>
<div class="line"><a name="l00104"></a><span class="lineno">  104</span>&#160;             -0.140497056293841f, -1.035690636134389f, -2.185723844590788f, -1.188310937138618f, -1.188310937138618f,  54.000000000000000f,  3.960755029176946f, -1.499870760485625f,  3.960755029176946f,  0.000000000000000f, -6.301049600782981f, -1.748476631909009f, -6.301049600782981f,  0.000000000000000f,  6.291976524847129f, -2.124327158860709f,  6.291976524847129f,</div>
<div class="line"><a name="l00105"></a><span class="lineno">  105</span>&#160;             0.574065882164172f, -1.199869872690146f, -0.141175703486152f, -1.061582491287239f, -1.061582491287239f,  3.960755029176946f,  54.000000000000000f,  0.367843917024531f,  54.000000000000000f, -6.301049600782981f,  0.000000000000000f, -0.808308976922349f,  0.000000000000000f,  6.291976524847129f,  0.000000000000000f, -3.050554547526527f,  0.000000000000000f,</div>
<div class="line"><a name="l00106"></a><span class="lineno">  106</span>&#160;             2.289386488903701f,  1.480966603214774f,  4.402129696824598f,  0.000000000000000f,  0.000000000000000f, -1.499870760485625f,  0.367843917024531f,  54.000000000000000f,  0.367843917024531f, -1.748476631909009f, -0.808308976922349f,  0.000000000000000f, -0.808308976922349f, -2.124327158860709f, -3.050554547526527f,  0.000000000000000f, -3.050554547526527f,</div>
<div class="line"><a name="l00107"></a><span class="lineno">  107</span>&#160;             0.574065882164172f, -1.199869872690146f, -0.141175703486152f, -1.061582491287239f, -1.061582491287239f,  3.960755029176946f,  54.000000000000000f,  0.367843917024531f,  54.000000000000000f, -6.301049600782981f,  0.000000000000000f, -0.808308976922349f,  0.000000000000000f,  6.291976524847129f,  0.000000000000000f, -3.050554547526527f,  0.000000000000000f,</div>
<div class="line"><a name="l00108"></a><span class="lineno">  108</span>&#160;             -1.891582778692537f, -1.543870999921524f, -1.732273041399279f, -0.678582945868953f, -0.678582945868953f,  0.000000000000000f, -6.301049600782981f, -1.748476631909009f, -6.301049600782981f,  54.000000000000000f,  6.750741115502977f,  0.563536304207282f,  6.750741115502977f,  0.000000000000000f,  5.051344474064854f, -1.213093422265595f,  5.051344474064854f,</div>
<div class="line"><a name="l00109"></a><span class="lineno">  109</span>&#160;             -1.463824268974614f, -2.778010943119108f, -0.095988948382286f, -0.454514294522061f, -0.454514294522061f, -6.301049600782981f,  0.000000000000000f, -0.808308976922349f,  0.000000000000000f,  6.750741115502977f,  54.000000000000000f,  1.909688208265624f,  54.000000000000000f,  5.051344474064854f,  0.000000000000000f, -1.306088466463720f,  0.000000000000000f,</div>
<div class="line"><a name="l00110"></a><span class="lineno">  110</span>&#160;             -1.254140665030166f, -2.325272876240508f,  1.818638923017350f,  0.000000000000000f,  0.000000000000000f, -1.748476631909009f, -0.808308976922349f,  0.000000000000000f, -0.808308976922349f,  0.563536304207282f,  1.909688208265624f,  54.000000000000000f,  1.909688208265624f, -1.213093422265595f, -1.306088466463720f,  0.000000000000000f, -1.306088466463720f,</div>
<div class="line"><a name="l00111"></a><span class="lineno">  111</span>&#160;             -1.463824268974614f, -2.778010943119108f, -0.095988948382286f, -0.454514294522061f, -0.454514294522061f, -6.301049600782981f,  0.000000000000000f, -0.808308976922349f,  0.000000000000000f,  6.750741115502977f,  54.000000000000000f,  1.909688208265624f,  54.000000000000000f,  5.051344474064854f,  0.000000000000000f, -1.306088466463720f,  0.000000000000000f,</div>
<div class="line"><a name="l00112"></a><span class="lineno">  112</span>&#160;             -0.909086169046759f, -0.170838452597736f, -3.003927565188834f, -0.824450355893655f, -0.824450355893655f,  0.000000000000000f,  6.291976524847129f, -2.124327158860709f,  6.291976524847129f,  0.000000000000000f,  5.051344474064854f, -1.213093422265595f,  5.051344474064854f,  54.000000000000000f,  6.765298777918667f,  0.088142330426553f,  6.765298777918667f,</div>
<div class="line"><a name="l00113"></a><span class="lineno">  113</span>&#160;             -1.565736546652874f, -1.588313773962392f, -3.558186720315130f, -1.715334961822752f, -1.715334961822752f,  6.291976524847129f,  0.000000000000000f, -3.050554547526527f,  0.000000000000000f,  5.051344474064854f,  0.000000000000000f, -1.306088466463720f,  0.000000000000000f,  6.765298777918667f,  54.000000000000000f, -2.673408182122642f,  54.000000000000000f,</div>
<div class="line"><a name="l00114"></a><span class="lineno">  114</span>&#160;             0.440654183683678f,  2.851039292126120f,  0.918205053440929f,  0.000000000000000f,  0.000000000000000f, -2.124327158860709f, -3.050554547526527f,  0.000000000000000f, -3.050554547526527f, -1.213093422265595f, -1.306088466463720f,  0.000000000000000f, -1.306088466463720f,  0.088142330426553f, -2.673408182122642f,  54.000000000000000f, -2.673408182122642f,</div>
<div class="line"><a name="l00115"></a><span class="lineno">  115</span>&#160;             -1.565736546652874f, -1.588313773962392f, -3.558186720315130f, -1.715334961822752f, -1.715334961822752f,  6.291976524847129f,  0.000000000000000f, -3.050554547526527f,  0.000000000000000f,  5.051344474064854f,  0.000000000000000f, -1.306088466463720f,  0.000000000000000f,  6.765298777918667f,  54.000000000000000f, -2.673408182122642f,  54.000000000000000f;</div>
<div class="line"><a name="l00116"></a><span class="lineno">  116</span>&#160;</div>
<div class="line"><a name="l00117"></a><span class="lineno">  117</span>&#160;    <span class="comment">// Actual value</span></div>
<div class="line"><a name="l00118"></a><span class="lineno">  118</span>&#160;    MatrixPtr pK2 = <a class="code" href="classGP_1_1CovMaternisoDerObs.html">CovMaternisoDerObs&lt;TestType&gt;::K</a>(logHyp, derivativeTrainingData, 1);</div>
<div class="line"><a name="l00119"></a><span class="lineno">  119</span>&#160;</div>
<div class="line"><a name="l00120"></a><span class="lineno">  120</span>&#160;    <span class="comment">// Test</span></div>
<div class="line"><a name="l00121"></a><span class="lineno">  121</span>&#160;    <a class="code" href="classTEST__MACRO.html#a30a45fa7c6788a2362e8cf497d3c1805">TEST_MACRO::COMPARE</a>(K1, *pK2, __FILE__, __LINE__);</div>
<div class="line"><a name="l00122"></a><span class="lineno">  122</span>&#160;}</div>
<div class="line"><a name="l00123"></a><span class="lineno">  123</span>&#160;</div>
<div class="line"><a name="l00125"></a><span class="lineno"><a class="line" href="TestcaseCovMaternisoDerObs_8hpp.html#a066636d051140f7b6f20f8eae4a4724e">  125</a></span>&#160;<a class="code" href="TestcaseCovMaternisoDerObs_8hpp.html#ab580c9cde315e24f6cf8b9acf8f26d17">TEST_F</a>(<a class="code" href="classTestCaseCovMaternisoDerObs.html">TestCaseCovMaternisoDerObs</a>, KsTest)</div>
<div class="line"><a name="l00126"></a><span class="lineno">  126</span>&#160;{</div>
<div class="line"><a name="l00127"></a><span class="lineno">  127</span>&#160;    <span class="comment">// Expected value</span></div>
<div class="line"><a name="l00128"></a><span class="lineno">  128</span>&#160;    Matrix Ks1(17, 3);</div>
<div class="line"><a name="l00129"></a><span class="lineno">  129</span>&#160;    Ks1 &lt;&lt; 0.408139686053389f,  0.518379208154154f,  0.424549766729713f,</div>
<div class="line"><a name="l00130"></a><span class="lineno">  130</span>&#160;             0.218283235552083f,  0.842397675075848f,  0.699842546493200f,</div>
<div class="line"><a name="l00131"></a><span class="lineno">  131</span>&#160;             1.119607160578329f,  1.113145531082548f,  0.736183711504438f,</div>
